"Org","Gene_Locus","KO_Nbr","Gene_Name","Gene_Function","E_Score","P_Score","Organism"
"pia","PI2015_0001","K02313","dnaA","chromosomal replication initiator protein","0.5800","0.2130","Pseudoalteromonas issachenkonii"
"pia","PI2015_0002","K02338","DPO3B, dnaN","DNA polymerase III subunit beta","0.8789","0.9703","Pseudoalteromonas issachenkonii"
"pia","PI2015_0003","K03629","recF","DNA replication and repair protein RecF","0.0047","0.0420","Pseudoalteromonas issachenkonii"
"pia","PI2015_0005","K01878","glyQ","glycyl-tRNA synthetase alpha chain","0.4306","0.3913","Pseudoalteromonas issachenkonii"
"pia","PI2015_0006","K01879","glyS","glycyl-tRNA synthetase beta chain","0.6310","0.4651","Pseudoalteromonas issachenkonii"
"pia","PI2015_0008","K04085","tusA, sirA","tRNA 2-thiouridine synthesizing protein A","0.0342","0.0693","Pseudoalteromonas issachenkonii"
"pia","PI2015_0009","K00632","fadA, fadI","acetyl-CoA acyltransferase","0.0067","0.0198","Pseudoalteromonas issachenkonii"
"pia","PI2015_0010","K01825","fadB","3-hydroxyacyl-CoA dehydrogenase / enoyl-CoA hydratase / 3-hydroxybutyryl-CoA epimerase / enoyl-CoA isomerase","0.0106","0.0147","Pseudoalteromonas issachenkonii"
"pia","PI2015_0023","K00604","MTFMT, fmt","methionyl-tRNA formyltransferase","0.5166","0.6569","Pseudoalteromonas issachenkonii"
"pia","PI2015_0030","K00228","CPOX, hemF","coproporphyrinogen III oxidase","0.3618","0.1531","Pseudoalteromonas issachenkonii"
"pia","PI2015_0031","K03406","mcp","methyl-accepting chemotaxis protein","0.0071","0.0042","Pseudoalteromonas issachenkonii"
"pia","PI2015_0033","K00014","aroE","shikimate dehydrogenase","0.1039","0.1242","Pseudoalteromonas issachenkonii"
"pia","PI2015_0038","K00797","speE, SRM","spermidine synthase","0.0000 ","0.0000 ","Pseudoalteromonas issachenkonii"
"pia","PI2015_0045","K01679","E4.2.1.2B, fumC","fumarate hydratase, class II","0.1043","0.1495","Pseudoalteromonas issachenkonii"
"pia","PI2015_0058","K00432","gpx","glutathione peroxidase","0.0000 ","0.0000 ","Pseudoalteromonas issachenkonii"
"pia","PI2015_0069","K07589","folX","D-erythro-7,8-dihydroneopterin triphosphate epimerase","0.0000 ","0.1372","Pseudoalteromonas issachenkonii"
"pia","PI2015_0070","K01495","GCH1, folE","GTP cyclohydrolase I","0.4010","0.3596","Pseudoalteromonas issachenkonii"
"pia","PI2015_0071","K13938","folM","dihydromonapterin reductase / dihydrofolate reductase","0.6813","0.3371","Pseudoalteromonas issachenkonii"
"pia","PI2015_0072","K01916","nadE","NAD+ synthase","0.6496","0.4952","Pseudoalteromonas issachenkonii"
"pia","PI2015_0077","K01434","E3.5.1.11","penicillin amidase","0.0000 ","0.0012","Pseudoalteromonas issachenkonii"
"pia","PI2015_0089","K20862","yigB","FMN hydrolase / 5-amino-6-(5-phospho-D-ribitylamino)uracil phosphatase","0.5680","0.1942","Pseudoalteromonas issachenkonii"
"pia","PI2015_0092","K01778","dapF","diaminopimelate epimerase","0.3297","0.2269","Pseudoalteromonas issachenkonii"
"pia","PI2015_0093","K01586","lysA","diaminopimelate decarboxylase","0.0710","0.1073","Pseudoalteromonas issachenkonii"
"pia","PI2015_0098","K01749","hemC, HMBS","hydroxymethylbilane synthase","0.4471","0.2333","Pseudoalteromonas issachenkonii"
"pia","PI2015_0099","K13543","hemDX","uroporphyrinogen III methyltransferase / synthase","0.4891","0.1783","Pseudoalteromonas issachenkonii"
"pia","PI2015_0102","K01488","add, ADA","adenosine deaminase","0.0022","0.0066","Pseudoalteromonas issachenkonii"
"pia","PI2015_0104","K05368","fre, ubiB","aquacobalamin reductase / NAD(P)H-flavin reductase","0.0035","0.0048","Pseudoalteromonas issachenkonii"
"pia","PI2015_0105","K03182","ubiD","4-hydroxy-3-polyprenylbenzoate decarboxylase","0.1083","0.0771","Pseudoalteromonas issachenkonii"
"pia","PI2015_0115","K03628","rho","transcription termination factor Rho","0.2427","0.1615","Pseudoalteromonas issachenkonii"
"pia","PI2015_0117","K03732","rhlB","ATP-dependent RNA helicase RhlB","0.0026","0.0313","Pseudoalteromonas issachenkonii"
"pia","PI2015_0118","K01524","ppx-gppA","exopolyphosphatase / guanosine-5-triphosphate,3-diphosphate pyrophosphatase","0.0111","0.0535","Pseudoalteromonas issachenkonii"
"pia","PI2015_0122","K03657","uvrD, pcrA","DNA helicase II / ATP-dependent DNA helicase PcrA","0.0351","0.0917","Pseudoalteromonas issachenkonii"
"pia","PI2015_0126","K20881","yrfG","5-nucleotidase","0.1122","0.0741","Pseudoalteromonas issachenkonii"
"pia","PI2015_0127","K08312","nudE","ADP-ribose diphosphatase","0.0000 ","0.0343","Pseudoalteromonas issachenkonii"
"pia","PI2015_0128","K01082","cysQ, MET22, BPNT1","3(2), 5-bisphosphate nucleotidase","0.0824","0.0688","Pseudoalteromonas issachenkonii"
"pia","PI2015_0143","K13409","raxB, cvaB","ATP-binding cassette, subfamily B, bacterial RaxB","0.0000 ","0.0004","Pseudoalteromonas issachenkonii"
"pia","PI2015_0145","K02106","atoE","short-chain fatty acids transporter","0.0031","0.0030","Pseudoalteromonas issachenkonii"
"pia","PI2015_0146","K03415","cheV","two-component system, chemotaxis family, response regulator CheV","0.0000 ","0.0032","Pseudoalteromonas issachenkonii"
"pia","PI2015_0151","K10805","tesB","acyl-CoA thioesterase II","0.0000 ","0.0033","Pseudoalteromonas issachenkonii"
"pia","PI2015_0152","K00631","plsB","glycerol-3-phosphate O-acyltransferase","0.6871","0.5809","Pseudoalteromonas issachenkonii"
"pia","PI2015_0153","K02946","RP-S10, MRPS10, rpsJ","small subunit ribosomal protein S10","0.4873","0.5756","Pseudoalteromonas issachenkonii"
"pia","PI2015_0154","K02906","RP-L3, MRPL3, rplC","large subunit ribosomal protein L3","0.7341","0.6833","Pseudoalteromonas issachenkonii"
"pia","PI2015_0155","K02926","RP-L4, MRPL4, rplD","large subunit ribosomal protein L4","0.6807","0.6601","Pseudoalteromonas issachenkonii"
"pia","PI2015_0156","K02892","RP-L23, MRPL23, rplW","large subunit ribosomal protein L23","0.5987","0.6114","Pseudoalteromonas issachenkonii"
"pia","PI2015_0157","K02886","RP-L2, MRPL2, rplB","large subunit ribosomal protein L2","0.7119","0.6883","Pseudoalteromonas issachenkonii"
"pia","PI2015_0158","K02965","RP-S19, rpsS","small subunit ribosomal protein S19","0.4873","0.5756","Pseudoalteromonas issachenkonii"
"pia","PI2015_0159","K02890","RP-L22, MRPL22, rplV","large subunit ribosomal protein L22","0.4873","0.5756","Pseudoalteromonas issachenkonii"
"pia","PI2015_0160","K02982","RP-S3, rpsC","small subunit ribosomal protein S3","0.7119","0.6883","Pseudoalteromonas issachenkonii"
"pia","PI2015_0161","K02878","RP-L16, MRPL16, rplP","large subunit ribosomal protein L16","0.7119","0.6883","Pseudoalteromonas issachenkonii"
"pia","PI2015_0162","K02904","RP-L29, rpmC","large subunit ribosomal protein L29","0.4873","0.5756","Pseudoalteromonas issachenkonii"
"pia","PI2015_0163","K02961","RP-S17, MRPS17, rpsQ","small subunit ribosomal protein S17","0.4873","0.5756","Pseudoalteromonas issachenkonii"
"pia","PI2015_0165","K00380","cysJ","sulfite reductase (NADPH) flavoprotein alpha-component","0.0257","0.0191","Pseudoalteromonas issachenkonii"
"pia","PI2015_0166","K00381","cysI","sulfite reductase (NADPH) hemoprotein beta-component","0.0245","0.0158","Pseudoalteromonas issachenkonii"
"pia","PI2015_0167","K00390","cysH","phosphoadenosine phosphosulfate reductase","0.0144","0.0272","Pseudoalteromonas issachenkonii"
"pia","PI2015_0177","K07712","glnG, ntrC","two-component system, NtrC family, nitrogen regulation response regulator GlnG","0.0000 ","0.0011","Pseudoalteromonas issachenkonii"
"pia","PI2015_0178","K07708","glnL, ntrB","two-component system, NtrC family, nitrogen regulation sensor histidine kinase GlnL","0.0000 ","0.0007","Pseudoalteromonas issachenkonii"
"pia","PI2015_0180","K01915","glnA, GLUL","glutamine synthetase","0.4736","0.4162","Pseudoalteromonas issachenkonii"
"pia","PI2015_0191","K01058","pldA","phospholipase A1","0.0000 ","0.0000 ","Pseudoalteromonas issachenkonii"
"pia","PI2015_0193","K01586","lysA","diaminopimelate decarboxylase","0.0710","0.1073","Pseudoalteromonas issachenkonii"
"pia","PI2015_0194","K00674","dapD","2,3,4,5-tetrahydropyridine-2-carboxylate N-succinyltransferase","0.3434","0.1480","Pseudoalteromonas issachenkonii"
"pia","PI2015_0195","K01714","dapA","4-hydroxy-tetrahydrodipicolinate synthase","0.4899","0.3442","Pseudoalteromonas issachenkonii"
"pia","PI2015_0199","K01682","acnB","aconitate hydratase 2 / 2-methylisocitrate dehydratase","0.1854","0.1720","Pseudoalteromonas issachenkonii"
"pia","PI2015_0204","K00111","glpA, glpD","glycerol-3-phosphate dehydrogenase","0.0013","0.0904","Pseudoalteromonas issachenkonii"
"pia","PI2015_0205","K00864","glpK, GK","glycerol kinase","0.0046","0.0302","Pseudoalteromonas issachenkonii"
"pia","PI2015_0209","K00821","argD","acetylornithine/N-succinyldiaminopimelate aminotransferase","0.2629","0.0658","Pseudoalteromonas issachenkonii"
"pia","PI2015_0210","K00673","astA","arginine N-succinyltransferase","0.0021","0.0073","Pseudoalteromonas issachenkonii"
"pia","PI2015_0211","K06447","astD","succinylglutamic semialdehyde dehydrogenase","0.0000 ","0.0078","Pseudoalteromonas issachenkonii"
"pia","PI2015_0214","K01611","speD, AMD1","S-adenosylmethionine decarboxylase","0.0000 ","0.0000 ","Pseudoalteromonas issachenkonii"
"pia","PI2015_0220","K01082","cysQ, MET22, BPNT1","3(2), 5-bisphosphate nucleotidase","0.0824","0.0688","Pseudoalteromonas issachenkonii"
"pia","PI2015_0221","K00860","cysC","adenylylsulfate kinase","0.0750","0.0945","Pseudoalteromonas issachenkonii"
"pia","PI2015_0223","K00956","cysN","sulfate adenylyltransferase subunit 1","0.0302","0.0468","Pseudoalteromonas issachenkonii"
"pia","PI2015_0224","K00957","cysD","sulfate adenylyltransferase subunit 2","0.0245","0.0473","Pseudoalteromonas issachenkonii"
"pia","PI2015_0225","K02302","cysG","uroporphyrin-III C-methyltransferase / precorrin-2 dehydrogenase / sirohydrochlorin ferrochelatase","0.0206","0.0359","Pseudoalteromonas issachenkonii"
"pia","PI2015_0226","K01619","deoC, DERA","deoxyribose-phosphate aldolase","0.0058","0.0133","Pseudoalteromonas issachenkonii"
"pia","PI2015_0230","K03073","secE","preprotein translocase subunit SecE","0.5987","0.5577","Pseudoalteromonas issachenkonii"
"pia","PI2015_0232","K02867","RP-L11, MRPL11, rplK","large subunit ribosomal protein L11","0.5327","0.5955","Pseudoalteromonas issachenkonii"
"pia","PI2015_0233","K02863","RP-L1, MRPL1, rplA","large subunit ribosomal protein L1","0.4306","0.5610","Pseudoalteromonas issachenkonii"
"pia","PI2015_0234","K02864","RP-L10, MRPL10, rplJ","large subunit ribosomal protein L10","0.5800","0.6162","Pseudoalteromonas issachenkonii"
"pia","PI2015_0235","K02935","RP-L7, MRPL12, rplL","large subunit ribosomal protein L7/L12","0.6601","0.6651","Pseudoalteromonas issachenkonii"
"pia","PI2015_0236","K03043","rpoB","DNA-directed RNA polymerase subunit beta","0.9384","0.8359","Pseudoalteromonas issachenkonii"
"pia","PI2015_0237","K03046","rpoC","DNA-directed RNA polymerase subunit beta","0.9384","0.8387","Pseudoalteromonas issachenkonii"
"pia","PI2015_0238","K02950","RP-S12, MRPS12, rpsL","small subunit ribosomal protein S12","0.5625","0.6211","Pseudoalteromonas issachenkonii"
"pia","PI2015_0239","K02992","RP-S7, MRPS7, rpsG","small subunit ribosomal protein S7","0.7119","0.6883","Pseudoalteromonas issachenkonii"
"pia","PI2015_0246","K05776","modF","molybdate transport system ATP-binding protein","0.0000 ","0.0053","Pseudoalteromonas issachenkonii"
"pia","PI2015_0249","K00901","dgkA, DGK","diacylglycerol kinase (ATP)","0.0685","0.0786","Pseudoalteromonas issachenkonii"
"pia","PI2015_0250","K03760","eptA, pmrC","lipid A ethanolaminephosphotransferase","0.0000 ","0.0043","Pseudoalteromonas issachenkonii"
"pia","PI2015_0251","K01652","E2.2.1.6L, ilvB, ilvG, ilvI","acetolactate synthase I/II/III large subunit","0.0184","0.0311","Pseudoalteromonas issachenkonii"
"pia","PI2015_0252","K11258","ilvM","acetolactate synthase II small subunit","0.0426","0.0408","Pseudoalteromonas issachenkonii"
"pia","PI2015_0253","K01687","ilvD","dihydroxy-acid dehydratase","0.0429","0.0806","Pseudoalteromonas issachenkonii"
"pia","PI2015_0254","K01754","E4.3.1.19, ilvA, tdcB","threonine dehydratase","0.2176","0.1963","Pseudoalteromonas issachenkonii"
"pia","PI2015_0257","K01673","cynT, can","carbonic anhydrase","0.0399","0.0279","Pseudoalteromonas issachenkonii"
"pia","PI2015_0264","K02335","DPO1, polA","DNA polymerase I","0.7656","0.8943","Pseudoalteromonas issachenkonii"
"pia","PI2015_0271","K02495","hemN, hemZ","oxygen-independent coproporphyrinogen III oxidase","0.3500","0.1348","Pseudoalteromonas issachenkonii"
"pia","PI2015_0277","K03070","secA","preprotein translocase subunit SecA","0.3906","0.4886","Pseudoalteromonas issachenkonii"
"pia","PI2015_0279","K01745","hutH, HAL","histidine ammonia-lyase","0.0137","0.0186","Pseudoalteromonas issachenkonii"
"pia","PI2015_0280","K01712","hutU, UROC1","urocanate hydratase","0.0016","0.0067","Pseudoalteromonas issachenkonii"
"pia","PI2015_0282","K01468","hutI, AMDHD1","imidazolonepropionase","0.0000 ","0.0021","Pseudoalteromonas issachenkonii"
"pia","PI2015_0286","K03406","mcp","methyl-accepting chemotaxis protein","0.0071","0.0042","Pseudoalteromonas issachenkonii"
"pia","PI2015_0291","K04066","priA","primosomal protein N (replication factor Y) (superfamily II helicase)","0.1039","0.1241","Pseudoalteromonas issachenkonii"
"pia","PI2015_0292","K02909","RP-L31, rpmE","large subunit ribosomal protein L31","0.1218","0.4008","Pseudoalteromonas issachenkonii"
"pia","PI2015_0293","K00029","E1.1.1.40, maeB","malate dehydrogenase (oxaloacetate-decarboxylating)(NADP+)","0.0137","0.0262","Pseudoalteromonas issachenkonii"
"pia","PI2015_0295","K01739","metB","cystathionine gamma-synthase","0.0321","0.0993","Pseudoalteromonas issachenkonii"
"pia","PI2015_0296","K12525","metL","bifunctional aspartokinase / homoserine dehydrogenase 2","0.3745","0.3181","Pseudoalteromonas issachenkonii"
"pia","PI2015_0297","K05366","mrcA","penicillin-binding protein 1A","0.0544","0.0518","Pseudoalteromonas issachenkonii"
"pia","PI2015_0303","K00891","E2.7.1.71, aroK, aroL","shikimate kinase","0.1756","0.1196","Pseudoalteromonas issachenkonii"
"pia","PI2015_0304","K01735","aroB","3-dehydroquinate synthase","0.1039","0.1485","Pseudoalteromonas issachenkonii"
"pia","PI2015_0306","K06223","dam","DNA adenine methylase","0.0192","0.0218","Pseudoalteromonas issachenkonii"
"pia","PI2015_0309","K01783","rpe, RPE","ribulose-phosphate 3-epimerase","0.3164","0.3150","Pseudoalteromonas issachenkonii"
"pia","PI2015_0310","K01091","gph","phosphoglycolate phosphatase","0.0000 ","0.0024","Pseudoalteromonas issachenkonii"
"pia","PI2015_0311","K01867","WARS, trpS","tryptophanyl-tRNA synthetase","0.5166","0.4923","Pseudoalteromonas issachenkonii"
"pia","PI2015_0316","K03701","uvrA","excinuclease ABC subunit A","0.0009","0.0194","Pseudoalteromonas issachenkonii"
"pia","PI2015_0318","K03111","ssb","single-strand DNA-binding protein","0.4028","0.5247","Pseudoalteromonas issachenkonii"
"pia","PI2015_0346","K01505","E3.5.99.7","1-aminocyclopropane-1-carboxylate deaminase","0.0000 ","0.0131","Pseudoalteromonas issachenkonii"
"pia","PI2015_0362","K01923","purC","phosphoribosylaminoimidazole-succinocarboxamide synthase","0.0544","0.0920","Pseudoalteromonas issachenkonii"
"pia","PI2015_0368","K01011","TST, MPST, sseA","thiosulfate/3-mercaptopyruvate sulfurtransferase","0.0152","0.0317","Pseudoalteromonas issachenkonii"
"pia","PI2015_0370","K03841","FBP, fbp","fructose-1,6-bisphosphatase I","0.5073","0.5137","Pseudoalteromonas issachenkonii"
"pia","PI2015_0375","K01784","galE, GALE","UDP-glucose 4-epimerase","0.0526","0.0568","Pseudoalteromonas issachenkonii"
"pia","PI2015_0385","K03147","thiC","phosphomethylpyrimidine synthase","0.0335","0.1146","Pseudoalteromonas issachenkonii"
"pia","PI2015_0386","K03153","thiO","glycine oxidase","0.0572","0.0832","Pseudoalteromonas issachenkonii"
"pia","PI2015_0387","K03154","thiS","sulfur carrier protein","0.0551","0.0894","Pseudoalteromonas issachenkonii"
"pia","PI2015_0388","K03149","thiG","thiazole synthase","0.1086","0.1495","Pseudoalteromonas issachenkonii"
"pia","PI2015_0389","K14153","thiDE","hydroxymethylpyrimidine kinase / phosphomethylpyrimidine kinase / thiamine-phosphate diphosphorylase","0.2771","0.1460","Pseudoalteromonas issachenkonii"
"pia","PI2015_0390","K21029","moeB","molybdopterin-synthase adenylyltransferase","0.0716","0.0757","Pseudoalteromonas issachenkonii"
"pia","PI2015_0391","K01613","psd, PISD","phosphatidylserine decarboxylase","0.2176","0.1484","Pseudoalteromonas issachenkonii"
"pia","PI2015_0392","K06949","rsgA, engC","ribosome biogenesis GTPase / thiamine phosphate phosphatase","0.3865","0.2740","Pseudoalteromonas issachenkonii"
"pia","PI2015_0395","K03409","cheX","chemotaxis protein CheX","0.0000 ","0.0000 ","Pseudoalteromonas issachenkonii"
"pia","PI2015_0396","K09823","zur","Fur family transcriptional regulator, zinc uptake regulator","0.0000 ","0.0160","Pseudoalteromonas issachenkonii"
"pia","PI2015_0409","K08485","PTS-HPR.PTSO, ptsO, npr","phosphocarrier protein NPr","0.0031","0.0062","Pseudoalteromonas issachenkonii"
"pia","PI2015_0411","K02806","PTS-Ntr-EIIA, ptsN","PTS system, nitrogen regulatory IIA component","0.0160","0.0050","Pseudoalteromonas issachenkonii"
"pia","PI2015_0413","K03092","SIG54, rpoN","RNA polymerase sigma-54 factor","0.0055","0.0160","Pseudoalteromonas issachenkonii"
"pia","PI2015_0414","K06861","lptB","lipopolysaccharide export system ATP-binding protein","0.3018","0.1430","Pseudoalteromonas issachenkonii"
"pia","PI2015_0417","K03270","kdsC","3-deoxy-D-manno-octulosonate 8-phosphate phosphatase (KDO 8-P phosphatase)","0.2316","0.1497","Pseudoalteromonas issachenkonii"
"pia","PI2015_0418","K06041","kdsD, kpsF","arabinose-5-phosphate isomerase","0.3297","0.1914","Pseudoalteromonas issachenkonii"
"pia","PI2015_0420","K02065","mlaF, linL, mkl","phospholipid/cholesterol/gamma-HCH transport system ATP-binding protein","0.0012","0.0117","Pseudoalteromonas issachenkonii"
"pia","PI2015_0421","K02066","mlaE, linK","phospholipid/cholesterol/gamma-HCH transport system permease protein","0.0012","0.0117","Pseudoalteromonas issachenkonii"
"pia","PI2015_0422","K02067","mlaD, linM","phospholipid/cholesterol/gamma-HCH transport system substrate-binding protein","0.0000 ","0.0053","Pseudoalteromonas issachenkonii"
"pia","PI2015_0423","K07323","mlaC","phospholipid transport system substrate-binding protein","0.0000 ","0.0053","Pseudoalteromonas issachenkonii"
"pia","PI2015_0424","K07122","mlaB","phospholipid transport system transporter-binding protein","0.0085","0.0128","Pseudoalteromonas issachenkonii"
"pia","PI2015_0426","K00790","murA","UDP-N-acetylglucosamine 1-carboxyvinyltransferase","0.6496","0.7385","Pseudoalteromonas issachenkonii"
"pia","PI2015_0431","K00383","GSR, gor","glutathione reductase (NADPH)","0.0125","0.1203","Pseudoalteromonas issachenkonii"
"pia","PI2015_0436","K00064","E1.1.1.122","D-threo-aldose 1-dehydrogenase","0.0000 ","0.0112","Pseudoalteromonas issachenkonii"
"pia","PI2015_0455","K04487","iscS, NFS1","cysteine desulfurase","0.4010","0.3030","Pseudoalteromonas issachenkonii"
"pia","PI2015_0461","K00135","gabD","succinate-semialdehyde dehydrogenase / glutarate-semialdehyde dehydrogenase","0.0245","0.0296","Pseudoalteromonas issachenkonii"
"pia","PI2015_0468","K01791","wecB","UDP-N-acetylglucosamine 2-epimerase (non-hydrolysing)","0.0075","0.0070","Pseudoalteromonas issachenkonii"
"pia","PI2015_0469","K02472","wecC","UDP-N-acetyl-D-mannosaminuronic acid dehydrogenase","0.0000 ","0.0056","Pseudoalteromonas issachenkonii"
"pia","PI2015_0472","K01791","wecB","UDP-N-acetylglucosamine 2-epimerase (non-hydrolysing)","0.0075","0.0070","Pseudoalteromonas issachenkonii"
"pia","PI2015_0477","K01953","asnB, ASNS","asparagine synthase (glutamine-hydrolysing)","0.0302","0.0397","Pseudoalteromonas issachenkonii"
"pia","PI2015_0479","K01775","alr","alanine racemase","0.3752","0.4780","Pseudoalteromonas issachenkonii"
"pia","PI2015_0487","K00963","UGP2, galU, galF","UTP--glucose-1-phosphate uridylyltransferase","0.2177","0.2983","Pseudoalteromonas issachenkonii"
"pia","PI2015_0491","K15986","ppaC","manganese-dependent inorganic pyrophosphatase","0.0882","0.0310","Pseudoalteromonas issachenkonii"
"pia","PI2015_0493","K10563","mutM, fpg","formamidopyrimidine-DNA glycosylase","0.0011","0.0071","Pseudoalteromonas issachenkonii"
"pia","PI2015_0496","K02871","RP-L13, MRPL13, rplM","large subunit ribosomal protein L13","0.7119","0.6883","Pseudoalteromonas issachenkonii"
"pia","PI2015_0497","K02996","RP-S9, MRPS9, rpsI","small subunit ribosomal protein S9","0.5166","0.6003","Pseudoalteromonas issachenkonii"
"pia","PI2015_0499","K00411","UQCRFS1, RIP1, petA","ubiquinol-cytochrome c reductase iron-sulfur subunit","0.0000 ","0.0025","Pseudoalteromonas issachenkonii"
"pia","PI2015_0500","K00412","CYTB, petB","ubiquinol-cytochrome c reductase cytochrome b subunit","0.0000 ","0.0026","Pseudoalteromonas issachenkonii"
"pia","PI2015_0501","K00413","CYC1, CYT1, petC","ubiquinol-cytochrome c reductase cytochrome c1 subunit","0.0098","0.0089","Pseudoalteromonas issachenkonii"
"pia","PI2015_0519","K03587","ftsI","cell division protein FtsI (penicillin-binding protein 3)","0.4471","0.0687","Pseudoalteromonas issachenkonii"
"pia","PI2015_0520","K01928","murE","UDP-N-acetylmuramoyl-L-alanyl-D-glutamate--2,6-diaminopimelate ligase","0.5681","0.4831","Pseudoalteromonas issachenkonii"
"pia","PI2015_0521","K01929","murF","UDP-N-acetylmuramoyl-tripeptide--D-alanyl-D-alanine ligase","0.7026","0.7733","Pseudoalteromonas issachenkonii"
"pia","PI2015_0522","K01000","mraY","phospho-N-acetylmuramoyl-pentapeptide-transferase","0.6496","0.5029","Pseudoalteromonas issachenkonii"
"pia","PI2015_0523","K01925","murD","UDP-N-acetylmuramoylalanine--D-glutamate ligase","0.5987","0.7314","Pseudoalteromonas issachenkonii"
"pia","PI2015_0525","K02563","murG","UDP-N-acetylglucosamine--N-acetylmuramyl-(pentapeptide) pyrophosphoryl-undecaprenol N-acetylglucosamine transferase","0.7026","0.5912","Pseudoalteromonas issachenkonii"
"pia","PI2015_0526","K01924","murC","UDP-N-acetylmuramate--alanine ligase","0.8149","0.6201","Pseudoalteromonas issachenkonii"
"pia","PI2015_0527","K01921","ddl","D-alanine-D-alanine ligase","0.5987","0.5198","Pseudoalteromonas issachenkonii"
"pia","PI2015_0531","K02535","lpxC","UDP-3-O-[3-hydroxymyristoyl] N-acetylglucosamine deacetylase","0.4346","0.2421","Pseudoalteromonas issachenkonii"
"pia","PI2015_0532","K08723","yjjG","5-nucleotidase","0.1207","0.0741","Pseudoalteromonas issachenkonii"
"pia","PI2015_0540","K00799","GST, gst","glutathione S-transferase","0.0402","0.0384","Pseudoalteromonas issachenkonii"
"pia","PI2015_0542","K00432","gpx","glutathione peroxidase","0.0000 ","0.0000 ","Pseudoalteromonas issachenkonii"
"pia","PI2015_0543","K03823","pat","phosphinothricin acetyltransferase","0.0000 ","0.0002","Pseudoalteromonas issachenkonii"
"pia","PI2015_0548","K01126","E3.1.4.46, glpQ, ugpQ","glycerophosphoryl diester phosphodiesterase","0.0000 ","0.0333","Pseudoalteromonas issachenkonii"
"pia","PI2015_0551","K07778","desK","two-component system, NarL family, sensor histidine kinase DesK","0.0000 ","0.0013","Pseudoalteromonas issachenkonii"
"pia","PI2015_0552","K07693","desR","two-component system, NarL family, response regulator DesR","0.0000 ","0.0010","Pseudoalteromonas issachenkonii"
"pia","PI2015_0554","K12573","rnr, vacB","ribonuclease R","0.0090","0.0479","Pseudoalteromonas issachenkonii"
"pia","PI2015_0558","K00605","gcvT, AMT","aminomethyltransferase","0.5261","0.3955","Pseudoalteromonas issachenkonii"
"pia","PI2015_0559","K00605","gcvT, AMT","aminomethyltransferase","0.5261","0.3955","Pseudoalteromonas issachenkonii"
"pia","PI2015_0560","K02437","gcvH, GCSH","glycine cleavage system H protein","0.4306","0.3273","Pseudoalteromonas issachenkonii"
"pia","PI2015_0561","K00281","GLDC, gcvP","glycine dehydrogenase","0.5052","0.3271","Pseudoalteromonas issachenkonii"
"pia","PI2015_0588","K01460","gsp","glutathionylspermidine amidase/synthetase","0.0000 ","0.0214","Pseudoalteromonas issachenkonii"
"pia","PI2015_0591","K03781","katE, CAT, catB, srpA","catalase","0.0000 ","0.0000 ","Pseudoalteromonas issachenkonii"
"pia","PI2015_0601","K01556","KYNU, kynU","kynureninase","0.0000 ","0.0000 ","Pseudoalteromonas issachenkonii"
"pia","PI2015_0602","K03406","mcp","methyl-accepting chemotaxis protein","0.0071","0.0042","Pseudoalteromonas issachenkonii"
"pia","PI2015_0605","K00799","GST, gst","glutathione S-transferase","0.0402","0.0384","Pseudoalteromonas issachenkonii"
"pia","PI2015_0608","K01497","ribA, RIB1","GTP cyclohydrolase II","0.4227","0.3180","Pseudoalteromonas issachenkonii"
"pia","PI2015_0611","K01872","AARS, alaS","alanyl-tRNA synthetase","0.6601","0.5571","Pseudoalteromonas issachenkonii"
"pia","PI2015_0612","K00928","lysC","aspartate kinase","0.3479","0.4527","Pseudoalteromonas issachenkonii"
"pia","PI2015_0613","K03563","csrA","carbon storage regulator","0.0770","0.0341","Pseudoalteromonas issachenkonii"
"pia","PI2015_0617","K01573","oadG","oxaloacetate decarboxylase, gamma subunit","0.1146","0.0310","Pseudoalteromonas issachenkonii"
"pia","PI2015_0618","K01571","oadA","oxaloacetate decarboxylase, alpha subunit","0.1045","0.0116","Pseudoalteromonas issachenkonii"
"pia","PI2015_0619","K01572","oadB","oxaloacetate decarboxylase, beta subunit","0.1045","0.0323","Pseudoalteromonas issachenkonii"
"pia","PI2015_0623","K01866","YARS, tyrS","tyrosyl-tRNA synthetase","0.6601","0.5571","Pseudoalteromonas issachenkonii"
"pia","PI2015_0624","K02227","cbiB, cobD","adenosylcobinamide-phosphate synthase","0.0018","0.0321","Pseudoalteromonas issachenkonii"
"pia","PI2015_0625","K01243","mtnN, mtn, pfs","adenosylhomocysteine nucleosidase","0.0429","0.1589","Pseudoalteromonas issachenkonii"
"pia","PI2015_0628","K09007","GCH4, folE","GTP cyclohydrolase I","0.4428","0.2985","Pseudoalteromonas issachenkonii"
"pia","PI2015_0629","K07648","arcB","two-component system, OmpR family, aerobic respiration control sensor histidine kinase ArcB","0.0000 ","0.0013","Pseudoalteromonas issachenkonii"
"pia","PI2015_0630","K07773","arcA","two-component system, OmpR family, aerobic respiration control protein ArcA","0.0000 ","0.0028","Pseudoalteromonas issachenkonii"
"pia","PI2015_0634","K03575","mutY","A/G-specific adenine glycosylase","0.0000 ","0.0035","Pseudoalteromonas issachenkonii"
"pia","PI2015_0642","K03185","ubiH","2-octaprenyl-6-methoxyphenol hydroxylase","0.4117","0.0775","Pseudoalteromonas issachenkonii"
"pia","PI2015_0643","K18800","ubiI","2-octaprenylphenol hydroxylase","0.1146","0.0775","Pseudoalteromonas issachenkonii"
"pia","PI2015_0645","K02990","RP-S6, MRPS6, rpsF","small subunit ribosomal protein S6","0.5030","0.5709","Pseudoalteromonas issachenkonii"
"pia","PI2015_0646","K02686","priB","primosomal replication protein N","0.0725","0.0455","Pseudoalteromonas issachenkonii"
"pia","PI2015_0647","K02963","RP-S18, MRPS18, rpsR","small subunit ribosomal protein S18","0.4440","0.5564","Pseudoalteromonas issachenkonii"
"pia","PI2015_0648","K02939","RP-L9, MRPL9, rplI","large subunit ribosomal protein L9","0.0090","0.3152","Pseudoalteromonas issachenkonii"
"pia","PI2015_0652","K02314","dnaB","replicative DNA helicase","0.6807","0.7836","Pseudoalteromonas issachenkonii"
"pia","PI2015_0653","K01775","alr","alanine racemase","0.3752","0.4780","Pseudoalteromonas issachenkonii"
"pia","PI2015_0663","K01873","VARS, valS","valyl-tRNA synthetase","0.6601","0.5571","Pseudoalteromonas issachenkonii"
"pia","PI2015_0664","K02339","DPO3C, holC","DNA polymerase III subunit chi","0.7895","0.9144","Pseudoalteromonas issachenkonii"
"pia","PI2015_0665","K01255","CARP, pepA","leucyl aminopeptidase","0.0277","0.0512","Pseudoalteromonas issachenkonii"
"pia","PI2015_0666","K07091","lptF","lipopolysaccharide export system permease protein","0.3434","0.1818","Pseudoalteromonas issachenkonii"
"pia","PI2015_0667","K11720","lptG","lipopolysaccharide export system permease protein","0.4649","0.1818","Pseudoalteromonas issachenkonii"
"pia","PI2015_0679","K00135","gabD","succinate-semialdehyde dehydrogenase / glutarate-semialdehyde dehydrogenase","0.0245","0.0296","Pseudoalteromonas issachenkonii"
"pia","PI2015_0680","K00459","ncd2, npd","nitronate monooxygenase","0.0017","0.1220","Pseudoalteromonas issachenkonii"
"pia","PI2015_0691","K05350","bglB","beta-glucosidase","0.0044","0.0023","Pseudoalteromonas issachenkonii"
"pia","PI2015_0693","K05349","bglX","beta-glucosidase","0.0024","0.0063","Pseudoalteromonas issachenkonii"
"pia","PI2015_0700","K01255","CARP, pepA","leucyl aminopeptidase","0.0277","0.0512","Pseudoalteromonas issachenkonii"
"pia","PI2015_0701","K03406","mcp","methyl-accepting chemotaxis protein","0.0071","0.0042","Pseudoalteromonas issachenkonii"
"pia","PI2015_0710","K12524","thrA","bifunctional aspartokinase / homoserine dehydrogenase 1","0.4044","0.3181","Pseudoalteromonas issachenkonii"
"pia","PI2015_0711","K00872","thrB1","homoserine kinase","0.0895","0.1017","Pseudoalteromonas issachenkonii"
"pia","PI2015_0712","K01733","thrC","threonine synthase","0.1110","0.1922","Pseudoalteromonas issachenkonii"
"pia","PI2015_0713","K00600","glyA, SHMT","glycine hydroxymethyltransferase","0.3164","0.4597","Pseudoalteromonas issachenkonii"
"pia","PI2015_0715","K11752","ribD","diaminohydroxyphosphoribosylaminopyrimidine deaminase / 5-amino-6-(5-phosphoribosylamino)uracil reductase","0.1944","0.2829","Pseudoalteromonas issachenkonii"
"pia","PI2015_0716","K00793","ribE, RIB5","riboflavin synthase","0.2177","0.2963","Pseudoalteromonas issachenkonii"
"pia","PI2015_0717","K14652","ribBA","3,4-dihydroxy 2-butanone 4-phosphate synthase / GTP cyclohydrolase II","0.3054","0.3176","Pseudoalteromonas issachenkonii"
"pia","PI2015_0718","K00794","ribH, RIB4","6,7-dimethyl-8-ribityllumazine synthase","0.2177","0.2963","Pseudoalteromonas issachenkonii"
"pia","PI2015_0720","K00946","thiL","thiamine-monophosphate kinase","0.4471","0.2865","Pseudoalteromonas issachenkonii"
"pia","PI2015_0721","K01095","pgpA","phosphatidylglycerophosphatase A","0.1284","0.0766","Pseudoalteromonas issachenkonii"
"pia","PI2015_0723","K01662","dxs","1-deoxy-D-xylulose-5-phosphate synthase","0.6552","0.5909","Pseudoalteromonas issachenkonii"
"pia","PI2015_0724","K00795","ispA","farnesyl diphosphate synthase","0.2867","0.2081","Pseudoalteromonas issachenkonii"
"pia","PI2015_0725","K03602","xseB","exodeoxyribonuclease VII small subunit","0.0190","0.0389","Pseudoalteromonas issachenkonii"
"pia","PI2015_0726","K02556","motA","chemotaxis protein MotA","0.0000 ","0.0000 ","Pseudoalteromonas issachenkonii"
"pia","PI2015_0727","K02557","motB","chemotaxis protein MotB","0.0016","0.0085","Pseudoalteromonas issachenkonii"
"pia","PI2015_0732","K01425","glsA, GLS","glutaminase","0.4954","0.4712","Pseudoalteromonas issachenkonii"
"pia","PI2015_0733","K00892","gsk","inosine kinase","0.0000 ","0.0358","Pseudoalteromonas issachenkonii"
"pia","PI2015_0737","K01952","purL, PFAS","phosphoribosylformylglycinamidine synthase","0.0386","0.0838","Pseudoalteromonas issachenkonii"
"pia","PI2015_0742","K02527","kdtA, waaA","3-deoxy-D-manno-octulosonic-acid transferase","0.5052","0.2548","Pseudoalteromonas issachenkonii"
"pia","PI2015_0743","K03271","gmhA, lpcA","D-sedoheptulose 7-phosphate isomerase","0.0472","0.0727","Pseudoalteromonas issachenkonii"
"pia","PI2015_0744","K03272","gmhC, hldE, waaE, rfaE","D-beta-D-heptose 7-phosphate kinase / D-beta-D-heptose 1-phosphate adenosyltransferase","0.0824","0.0809","Pseudoalteromonas issachenkonii"
"pia","PI2015_0748","K11211","kdkA","3-deoxy-D-manno-octulosonic acid kinase","0.0060","0.0606","Pseudoalteromonas issachenkonii"
"pia","PI2015_0750","K03273","gmhB","D-glycero-D-manno-heptose 1,7-bisphosphate phosphatase","0.0875","0.0999","Pseudoalteromonas issachenkonii"
"pia","PI2015_0751","K00639","kbl, GCAT","glycine C-acetyltransferase","0.0021","0.0164","Pseudoalteromonas issachenkonii"
"pia","PI2015_0752","K00060","tdh","threonine 3-dehydrogenase","0.0000 ","0.0004","Pseudoalteromonas issachenkonii"
"pia","PI2015_0753","K02439","glpE","thiosulfate sulfurtransferase","0.0031","0.0090","Pseudoalteromonas issachenkonii"
"pia","PI2015_0756","K03181","ubiC","chorismate--pyruvate lyase","0.0342","0.0632","Pseudoalteromonas issachenkonii"
"pia","PI2015_0757","K03179","ubiA","4-hydroxybenzoate polyprenyltransferase","0.2743","0.0958","Pseudoalteromonas issachenkonii"
"pia","PI2015_0764","K08591","plsY","glycerol-3-phosphate acyltransferase PlsY","0.6496","0.6200","Pseudoalteromonas issachenkonii"
"pia","PI2015_0765","K01633","folB","dihydroneopterin aldolase / 7,8-dihydroneopterin epimerase","0.4583","0.2731","Pseudoalteromonas issachenkonii"
"pia","PI2015_0766","K00950","folK","2-amino-4-hydroxy-6-hydroxymethyldihydropteridine diphosphokinase","0.4583","0.4040","Pseudoalteromonas issachenkonii"
"pia","PI2015_0767","K06153","bacA","undecaprenyl-diphosphatase","0.0287","0.0496","Pseudoalteromonas issachenkonii"
"pia","PI2015_0769","K03186","ubiX, bsdB, PAD1","flavin prenyltransferase","0.0788","0.0786","Pseudoalteromonas issachenkonii"
"pia","PI2015_0774","K01580","E4.1.1.15, gadB, gadA, GAD","glutamate decarboxylase","0.2139","0.1009","Pseudoalteromonas issachenkonii"
"pia","PI2015_0775","K01438","argE","acetylornithine deacetylase","0.0579","0.0640","Pseudoalteromonas issachenkonii"
"pia","PI2015_0776","K00145","argC","N-acetyl-gamma-glutamyl-phosphate reductase","0.0463","0.0630","Pseudoalteromonas issachenkonii"
"pia","PI2015_0777","K00930","argB","acetylglutamate kinase","0.0463","0.0630","Pseudoalteromonas issachenkonii"
"pia","PI2015_0778","K00611","OTC, argF, argI","ornithine carbamoyltransferase","0.0206","0.0571","Pseudoalteromonas issachenkonii"
"pia","PI2015_0779","K01940","argG, ASS1","argininosuccinate synthase","0.0584","0.1341","Pseudoalteromonas issachenkonii"
"pia","PI2015_0780","K14681","argHA","argininosuccinate lyase / amino-acid N-acetyltransferase","0.2039","0.0705","Pseudoalteromonas issachenkonii"
"pia","PI2015_0785","K00954","E2.7.7.3A, coaD, kdtB","pantetheine-phosphate adenylyltransferase","0.5327","0.4431","Pseudoalteromonas issachenkonii"
"pia","PI2015_0787","K03151","thiI","thiamine biosynthesis protein ThiI","0.0180","0.0983","Pseudoalteromonas issachenkonii"
"pia","PI2015_0788","K00077","panE, apbA","2-dehydropantoate 2-reductase","0.0526","0.2248","Pseudoalteromonas issachenkonii"
"pia","PI2015_0794","K18138","acrB, mexB, adeJ, smeE, mtrD, cmeB","multidrug efflux pump","0.0058","0.0098","Pseudoalteromonas issachenkonii"
"pia","PI2015_0795","K03585","acrA, mexA, adeI, smeD, mtrC, cmeA","membrane fusion protein, multidrug efflux system","0.0015","0.0094","Pseudoalteromonas issachenkonii"
"pia","PI2015_0803","K13821","putA","RHH-type transcriptional regulator, proline utilization regulon repressor / proline dehydrogenase / delta 1-pyrroline-5-carboxylate dehydrogenase","0.0750","0.0820","Pseudoalteromonas issachenkonii"
"pia","PI2015_0811","K05365","mrcB","penicillin-binding protein 1B","0.0026","0.0175","Pseudoalteromonas issachenkonii"
"pia","PI2015_0812","K01845","hemL","glutamate-1-semialdehyde 2,1-aminomutase","0.1623","0.1170","Pseudoalteromonas issachenkonii"
"pia","PI2015_0813","K00609","pyrB, PYR2","aspartate carbamoyltransferase catalytic subunit","0.0526","0.2378","Pseudoalteromonas issachenkonii"
"pia","PI2015_0819","K08218","ampG","MFS transporter, PAT family, beta-lactamase induction signal transducer AmpG","0.0000 ","0.0004","Pseudoalteromonas issachenkonii"
"pia","PI2015_0820","K03767","PPIA","peptidyl-prolyl cis-trans isomerase A (cyclophilin A)","0.0000 ","0.0178","Pseudoalteromonas issachenkonii"
"pia","PI2015_0825","K00209","fabV, ter","enoyl-[acyl-carrier protein] reductase / trans-2-enoyl-CoA reductase (NAD+)","0.5916","0.4932","Pseudoalteromonas issachenkonii"
"pia","PI2015_0835","K02297","cyoA","cytochrome o ubiquinol oxidase subunit II","0.0022","0.0171","Pseudoalteromonas issachenkonii"
"pia","PI2015_0836","K02298","cyoB","cytochrome o ubiquinol oxidase subunit I","0.0000 ","0.0160","Pseudoalteromonas issachenkonii"
"pia","PI2015_0837","K02299","cyoC","cytochrome o ubiquinol oxidase subunit III","0.0022","0.0169","Pseudoalteromonas issachenkonii"
"pia","PI2015_0838","K02300","cyoD","cytochrome o ubiquinol oxidase subunit IV","0.0091","0.0184","Pseudoalteromonas issachenkonii"
"pia","PI2015_0839","K02257","COX10","protoheme IX farnesyltransferase","0.0286","0.0140","Pseudoalteromonas issachenkonii"
"pia","PI2015_0841","K01083","E3.1.3.8","3-phytase","0.0000 ","0.0228","Pseudoalteromonas issachenkonii"
"pia","PI2015_0842","K14379","ACP5","tartrate-resistant acid phosphatase type 5","0.6172","0.2767","Pseudoalteromonas issachenkonii"
"pia","PI2015_0849","K00651","metA","homoserine O-succinyltransferase","0.0020","0.0081","Pseudoalteromonas issachenkonii"
"pia","PI2015_0851","K00548","metH, MTR","5-methyltetrahydrofolate--homocysteine methyltransferase","0.0551","0.0781","Pseudoalteromonas issachenkonii"
"pia","PI2015_0859","K01779","racD","aspartate racemase","0.0000 ","0.0000 ","Pseudoalteromonas issachenkonii"
"pia","PI2015_0864","K02399","flgN","flagella synthesis protein FlgN","0.0000 ","0.0007","Pseudoalteromonas issachenkonii"
"pia","PI2015_0865","K02398","flgM","negative regulator of flagellin synthesis FlgM","0.0000 ","0.0000 ","Pseudoalteromonas issachenkonii"
"pia","PI2015_0866","K02386","flgA","flagella basal body P-ring formation protein FlgA","0.0018","0.0048","Pseudoalteromonas issachenkonii"
"pia","PI2015_0867","K02387","flgB","flagellar basal-body rod protein FlgB","0.0000 ","0.0007","Pseudoalteromonas issachenkonii"
"pia","PI2015_0868","K02388","flgC","flagellar basal-body rod protein FlgC","0.0000 ","0.0007","Pseudoalteromonas issachenkonii"
"pia","PI2015_0869","K02389","flgD","flagellar basal-body rod modification protein FlgD","0.0000 ","0.0007","Pseudoalteromonas issachenkonii"
"pia","PI2015_0870","K02390","flgE","flagellar hook protein FlgE","0.0000 ","0.0007","Pseudoalteromonas issachenkonii"
"pia","PI2015_0871","K02391","flgF","flagellar basal-body rod protein FlgF","0.0000 ","0.0007","Pseudoalteromonas issachenkonii"
"pia","PI2015_0872","K02392","flgG","flagellar basal-body rod protein FlgG","0.0000 ","0.0007","Pseudoalteromonas issachenkonii"
"pia","PI2015_0873","K02393","flgH","flagellar L-ring protein precursor FlgH","0.0000 ","0.0007","Pseudoalteromonas issachenkonii"
"pia","PI2015_0874","K02394","flgI","flagellar P-ring protein precursor FlgI","0.0000 ","0.0007","Pseudoalteromonas issachenkonii"
"pia","PI2015_0876","K02396","flgK","flagellar hook-associated protein 1 FlgK","0.0000 ","0.0007","Pseudoalteromonas issachenkonii"
"pia","PI2015_0877","K02397","flgL","flagellar hook-associated protein 3 FlgL","0.0016","0.0053","Pseudoalteromonas issachenkonii"
"pia","PI2015_0879","K02406","fliC","flagellin","0.0016","0.0097","Pseudoalteromonas issachenkonii"
"pia","PI2015_0880","K02407","fliD","flagellar hook-associated protein 2","0.0000 ","0.0007","Pseudoalteromonas issachenkonii"
"pia","PI2015_0881","K02422","fliS","flagellar protein FliS","0.0000 ","0.0007","Pseudoalteromonas issachenkonii"
"pia","PI2015_0883","K02414","fliK","flagellar hook-length control protein FliK","0.0000 ","0.0007","Pseudoalteromonas issachenkonii"
"pia","PI2015_0885","K02405","fliA","RNA polymerase sigma factor for flagellar operon FliA","0.0000 ","0.0062","Pseudoalteromonas issachenkonii"
"pia","PI2015_0886","K02556","motA","chemotaxis protein MotA","0.0000 ","0.0000 ","Pseudoalteromonas issachenkonii"
"pia","PI2015_0887","K02557","motB","chemotaxis protein MotB","0.0016","0.0085","Pseudoalteromonas issachenkonii"
"pia","PI2015_0890","K02417","fliNY, fliN","flagellar motor switch protein FliN/FliY","0.0067","0.0087","Pseudoalteromonas issachenkonii"
"pia","PI2015_0891","K02419","fliP","flagellar biosynthetic protein FliP","0.0000 ","0.0007","Pseudoalteromonas issachenkonii"
"pia","PI2015_0892","K02420","fliQ","flagellar biosynthetic protein FliQ","0.0000 ","0.0013","Pseudoalteromonas issachenkonii"
"pia","PI2015_0893","K02421","fliR","flagellar biosynthetic protein FliR","0.0000 ","0.0013","Pseudoalteromonas issachenkonii"
"pia","PI2015_0894","K02401","flhB","flagellar biosynthetic protein FlhB","0.0000 ","0.0007","Pseudoalteromonas issachenkonii"
"pia","PI2015_0895","K02400","flhA","flagellar biosynthesis protein FlhA","0.0000 ","0.0007","Pseudoalteromonas issachenkonii"
"pia","PI2015_0896","K21218","motY","sodium-type flagellar protein MotY","0.0000 ","0.0110","Pseudoalteromonas issachenkonii"
"pia","PI2015_0898","K02408","fliE","flagellar hook-basal body complex protein FliE","0.0016","0.0053","Pseudoalteromonas issachenkonii"
"pia","PI2015_0899","K02409","fliF","flagellar M-ring protein FliF","0.0000 ","0.0013","Pseudoalteromonas issachenkonii"
"pia","PI2015_0900","K02410","fliG","flagellar motor switch protein FliG","0.0000 ","0.0039","Pseudoalteromonas issachenkonii"
"pia","PI2015_0902","K02412","fliI","flagellum-specific ATP synthase","0.0000 ","0.0007","Pseudoalteromonas issachenkonii"
"pia","PI2015_0918","K01270","pepD","dipeptidase D","0.0472","0.0460","Pseudoalteromonas issachenkonii"
"pia","PI2015_0926","K01999","livK","branched-chain amino acid transport system substrate-binding protein","0.0000 ","0.0005","Pseudoalteromonas issachenkonii"
"pia","PI2015_0931","K01061","E3.1.1.45","carboxymethylenebutenolidase","0.0000 ","0.0000 ","Pseudoalteromonas issachenkonii"
"pia","PI2015_0932","K01126","E3.1.4.46, glpQ, ugpQ","glycerophosphoryl diester phosphodiesterase","0.0000 ","0.0333","Pseudoalteromonas issachenkonii"
"pia","PI2015_0939","K10747","LIG1","DNA ligase 1","0.0000 ","0.2360","Pseudoalteromonas issachenkonii"
"pia","PI2015_0941","K01734","mgsA","methylglyoxal synthase","0.0024","0.0061","Pseudoalteromonas issachenkonii"
"pia","PI2015_0949","K01555","FAH, fahA","fumarylacetoacetase","0.0000 ","0.0203","Pseudoalteromonas issachenkonii"
"pia","PI2015_0950","K00457","HPD, hppD","4-hydroxyphenylpyruvate dioxygenase","0.0000 ","0.0000 ","Pseudoalteromonas issachenkonii"
"pia","PI2015_0956","K01439","dapE","succinyl-diaminopimelate desuccinylase","0.3579","0.1038","Pseudoalteromonas issachenkonii"
"pia","PI2015_0958","K12972","ghrA","glyoxylate/hydroxypyruvate reductase A","0.0127","0.0432","Pseudoalteromonas issachenkonii"
"pia","PI2015_0963","K03413","cheY","two-component system, chemotaxis family, response regulator CheY","0.0000 ","0.0036","Pseudoalteromonas issachenkonii"
"pia","PI2015_0964","K02968","RP-S20, rpsT","small subunit ribosomal protein S20","0.2265","0.4557","Pseudoalteromonas issachenkonii"
"pia","PI2015_0966","K11753","ribF","riboflavin kinase / FMN adenylyltransferase","0.6293","0.5031","Pseudoalteromonas issachenkonii"
"pia","PI2015_0967","K01870","IARS, ileS","isoleucyl-tRNA synthetase","0.7341","0.5753","Pseudoalteromonas issachenkonii"
"pia","PI2015_0968","K03101","lspA","signal peptidase II","0.2338","0.2223","Pseudoalteromonas issachenkonii"
"pia","PI2015_0970","K03527","ispH, lytB","4-hydroxy-3-methylbut-2-en-1-yl diphosphate reductase","0.5261","0.3796","Pseudoalteromonas issachenkonii"
"pia","PI2015_0971","K08082","algZ","two-component system, LytTR family, sensor histidine kinase AlgZ","0.0000 ","0.0007","Pseudoalteromonas issachenkonii"
"pia","PI2015_0972","K08083","algR","two-component system, LytTR family, response regulator AlgR","0.0000 ","0.0013","Pseudoalteromonas issachenkonii"
"pia","PI2015_0981","K04751","glnB","nitrogen regulatory protein P-II 1","0.0152","0.0102","Pseudoalteromonas issachenkonii"
"pia","PI2015_0987","K01919","gshA","glutamate--cysteine ligase","0.0526","0.0617","Pseudoalteromonas issachenkonii"
"pia","PI2015_0991","K03106","SRP54, ffh","signal recognition particle subunit SRP54","0.5327","0.5766","Pseudoalteromonas issachenkonii"
"pia","PI2015_0992","K02959","RP-S16, MRPS16, rpsP","small subunit ribosomal protein S16","0.3752","0.5158","Pseudoalteromonas issachenkonii"
"pia","PI2015_0995","K02884","RP-L19, MRPL19, rplS","large subunit ribosomal protein L19","0.3906","0.5424","Pseudoalteromonas issachenkonii"
"pia","PI2015_0997","K14187","tyrA","chorismate mutase / prephenate dehydrogenase","0.1369","0.0741","Pseudoalteromonas issachenkonii"
"pia","PI2015_0998","K14170","pheA","chorismate mutase / prephenate dehydratase","0.1083","0.1017","Pseudoalteromonas issachenkonii"
"pia","PI2015_1002","K00813","aspC","aspartate aminotransferase","0.2571","0.1628","Pseudoalteromonas issachenkonii"
"pia","PI2015_1011","K00632","fadA, fadI","acetyl-CoA acyltransferase","0.0067","0.0198","Pseudoalteromonas issachenkonii"
"pia","PI2015_1012","K01782","fadJ","3-hydroxyacyl-CoA dehydrogenase / enoyl-CoA hydratase / 3-hydroxybutyryl-CoA epimerase","0.0067","0.0147","Pseudoalteromonas issachenkonii"
"pia","PI2015_1022","K01736","aroC","chorismate synthase","0.1496","0.1733","Pseudoalteromonas issachenkonii"
"pia","PI2015_1031","K05592","deaD, cshA","ATP-dependent RNA helicase DeaD","0.0000 ","0.0313","Pseudoalteromonas issachenkonii"
"pia","PI2015_1044","K00962","pnp, PNPT1","polyribonucleotide nucleotidyltransferase","0.0841","0.1783","Pseudoalteromonas issachenkonii"
"pia","PI2015_1065","K01069","E3.1.2.6, gloB","hydroxyacylglutathione hydrolase","0.0000 ","0.0100","Pseudoalteromonas issachenkonii"
"pia","PI2015_1067","K03469","rnhA, RNASEH1","ribonuclease HI","0.0206","0.1042","Pseudoalteromonas issachenkonii"
"pia","PI2015_1068","K02342","DPO3E, dnaQ","DNA polymerase III subunit epsilon","0.8212","0.6494","Pseudoalteromonas issachenkonii"
"pia","PI2015_1075","K06445","fadE","acyl-CoA dehydrogenase","0.0106","0.0068","Pseudoalteromonas issachenkonii"
"pia","PI2015_1078","K11175","purN","phosphoribosylglycinamide formyltransferase 1","0.3479","0.4101","Pseudoalteromonas issachenkonii"
"pia","PI2015_1079","K01933","purM","phosphoribosylformylglycinamidine cyclo-ligase","0.0526","0.0937","Pseudoalteromonas issachenkonii"
"pia","PI2015_1085","K01876","DARS, aspS","aspartyl-tRNA synthetase","0.6601","0.5571","Pseudoalteromonas issachenkonii"
"pia","PI2015_1091","K11927","rhlE","ATP-dependent RNA helicase RhlE","0.0000 ","0.0313","Pseudoalteromonas issachenkonii"
"pia","PI2015_1095","K03426","E3.6.1.22, NUDT12, nudC","NAD+ diphosphatase","0.4153","0.4516","Pseudoalteromonas issachenkonii"
"pia","PI2015_1096","K01760","metC","cystathionine beta-lyase","0.3447","0.2232","Pseudoalteromonas issachenkonii"
"pia","PI2015_1103","K01738","cysK","cysteine synthase A","0.0899","0.1017","Pseudoalteromonas issachenkonii"
"pia","PI2015_1105","K07689","uvrY, gacA, varA","two-component system, NarL family, invasion response regulator UvrY","0.0000 ","0.0065","Pseudoalteromonas issachenkonii"
"pia","PI2015_1106","K03703","uvrC","excinuclease ABC subunit C","0.0009","0.0153","Pseudoalteromonas issachenkonii"
"pia","PI2015_1107","K00995","pgsA, PGS1","CDP-diacylglycerol--glycerol-3-phosphate 3-phosphatidyltransferase","0.5261","0.1601","Pseudoalteromonas issachenkonii"
"pia","PI2015_1111","K01889","FARSA, pheS","phenylalanyl-tRNA synthetase alpha chain","0.6601","0.5571","Pseudoalteromonas issachenkonii"
"pia","PI2015_1112","K01890","FARSB, pheT","phenylalanyl-tRNA synthetase beta chain","0.7119","0.5803","Pseudoalteromonas issachenkonii"
"pia","PI2015_1115","K00134","GAPDH, gapA","glyceraldehyde 3-phosphate dehydrogenase","0.5166","0.5281","Pseudoalteromonas issachenkonii"
"pia","PI2015_1138","K18118","aarC, cat1","succinyl-CoA:acetate CoA-transferase","0.0426","0.0229","Pseudoalteromonas issachenkonii"
"pia","PI2015_1144","K10804","tesA","acyl-CoA thioesterase I","0.0000 ","0.0033","Pseudoalteromonas issachenkonii"
"pia","PI2015_1147","K01159","ruvC","crossover junction endodeoxyribonuclease RuvC","0.0198","0.0563","Pseudoalteromonas issachenkonii"
"pia","PI2015_1148","K03550","ruvA","holliday junction DNA helicase RuvA","0.0362","0.0821","Pseudoalteromonas issachenkonii"
"pia","PI2015_1149","K03551","ruvB","holliday junction DNA helicase RuvB","0.0625","0.1054","Pseudoalteromonas issachenkonii"
"pia","PI2015_1156","K03517","nadA","quinolinate synthase","0.0463","0.1954","Pseudoalteromonas issachenkonii"
"pia","PI2015_1166","K01113","phoD","alkaline phosphatase D","0.1207","0.0659","Pseudoalteromonas issachenkonii"
"pia","PI2015_1167","K03583","recC","exodeoxyribonuclease V gamma subunit","0.0180","0.0410","Pseudoalteromonas issachenkonii"
"pia","PI2015_1168","K03582","recB","exodeoxyribonuclease V beta subunit","0.0075","0.0340","Pseudoalteromonas issachenkonii"
"pia","PI2015_1169","K03581","recD","exodeoxyribonuclease V alpha subunit","0.0058","0.0394","Pseudoalteromonas issachenkonii"
"pia","PI2015_1182","K00406","ccoP","cytochrome c oxidase cbb3-type subunit III","0.0026","0.0093","Pseudoalteromonas issachenkonii"
"pia","PI2015_1183","K00407","ccoQ","cytochrome c oxidase cbb3-type subunit IV","0.0031","0.0292","Pseudoalteromonas issachenkonii"
"pia","PI2015_1184","K00405","ccoO","cytochrome c oxidase cbb3-type subunit II","0.0026","0.0116","Pseudoalteromonas issachenkonii"
"pia","PI2015_1185","K00404","ccoN","cytochrome c oxidase cbb3-type subunit I","0.0024","0.0119","Pseudoalteromonas issachenkonii"
"pia","PI2015_1191","K03723","mfd","transcription-repair coupling factor (superfamily II helicase)","0.0010","0.0189","Pseudoalteromonas issachenkonii"
"pia","PI2015_1192","K12251","aguB","N-carbamoylputrescine amidase","0.0666","0.0079","Pseudoalteromonas issachenkonii"
"pia","PI2015_1205","K08300","rne","ribonuclease E","0.0750","0.0549","Pseudoalteromonas issachenkonii"
"pia","PI2015_1207","K01091","gph","phosphoglycolate phosphatase","0.0000 ","0.0024","Pseudoalteromonas issachenkonii"
"pia","PI2015_1210","K02911","RP-L32, MRPL32, rpmF","large subunit ribosomal protein L32","0.2338","0.4521","Pseudoalteromonas issachenkonii"
"pia","PI2015_1211","K03621","plsX","glycerol-3-phosphate acyltransferase PlsX","0.7026","0.6424","Pseudoalteromonas issachenkonii"
"pia","PI2015_1212","K00645","fabD","[acyl-carrier-protein] S-malonyltransferase","0.7026","0.4710","Pseudoalteromonas issachenkonii"
"pia","PI2015_1213","K00059","fabG","3-oxoacyl-[acyl-carrier protein] reductase","0.7026","0.4376","Pseudoalteromonas issachenkonii"
"pia","PI2015_1214","K02078","acpP","acyl carrier protein","0.4873","0.1020","Pseudoalteromonas issachenkonii"
"pia","PI2015_1215","K09458","fabF","3-oxoacyl-[acyl-carrier-protein] synthase II","0.7026","0.5553","Pseudoalteromonas issachenkonii"
"pia","PI2015_1216","K02619","pabC","4-amino-4-deoxychorismate lyase","0.0017","0.1705","Pseudoalteromonas issachenkonii"
"pia","PI2015_1218","K00943","tmk, DTYMK","dTMP kinase","0.7026","0.4891","Pseudoalteromonas issachenkonii"
"pia","PI2015_1219","K02341","DPO3D2, holB","DNA polymerase III subunit delta","0.9384","0.9971","Pseudoalteromonas issachenkonii"
"pia","PI2015_1227","K00963","UGP2, galU, galF","UTP--glucose-1-phosphate uridylyltransferase","0.2177","0.2983","Pseudoalteromonas issachenkonii"
"pia","PI2015_1228","K01791","wecB","UDP-N-acetylglucosamine 2-epimerase (non-hydrolysing)","0.0075","0.0070","Pseudoalteromonas issachenkonii"
"pia","PI2015_1229","K02472","wecC","UDP-N-acetyl-D-mannosaminuronic acid dehydrogenase","0.0000 ","0.0056","Pseudoalteromonas issachenkonii"
"pia","PI2015_1235","K00640","cysE","serine O-acetyltransferase","0.0386","0.0820","Pseudoalteromonas issachenkonii"
"pia","PI2015_1236","K01912","paaK","phenylacetate-CoA ligase","0.0000 ","0.0000 ","Pseudoalteromonas issachenkonii"
"pia","PI2015_1250","K03417","prpB","methylisocitrate lyase","0.0000 ","0.0099","Pseudoalteromonas issachenkonii"
"pia","PI2015_1251","K01659","prpC","2-methylcitrate synthase","0.0000 ","0.0701","Pseudoalteromonas issachenkonii"
"pia","PI2015_1252","K20455","acnD","2-methylcitrate dehydratase (2-methyl-trans-aconitate forming)","0.0000 ","0.0030","Pseudoalteromonas issachenkonii"
"pia","PI2015_1253","K09788","prpF","2-methylaconitate isomerase","0.0000 ","0.0030","Pseudoalteromonas issachenkonii"
"pia","PI2015_1261","K00793","ribE, RIB5","riboflavin synthase","0.2177","0.2963","Pseudoalteromonas issachenkonii"
"pia","PI2015_1269","K00031","IDH1, IDH2, icd","isocitrate dehydrogenase","0.1443","0.2055","Pseudoalteromonas issachenkonii"
"pia","PI2015_1276","K01682","acnB","aconitate hydratase 2 / 2-methylisocitrate dehydratase","0.1854","0.1720","Pseudoalteromonas issachenkonii"
"pia","PI2015_1277","K00384","trxB","thioredoxin reductase (NADPH)","0.1650","0.2275","Pseudoalteromonas issachenkonii"
"pia","PI2015_1278","K00998","pssA","CDP-diacylglycerol---serine O-phosphatidyltransferase","0.4648","0.2267","Pseudoalteromonas issachenkonii"
"pia","PI2015_1279","K00259","ald","alanine dehydrogenase","0.3500","0.2236","Pseudoalteromonas issachenkonii"
"pia","PI2015_1285","K01875","SARS, serS","seryl-tRNA synthetase","0.6103","0.5347","Pseudoalteromonas issachenkonii"
"pia","PI2015_1296","K00835","avtA","valine--pyruvate aminotransferase","0.0426","0.0521","Pseudoalteromonas issachenkonii"
"pia","PI2015_1304","K18893","vcaM","ATP-binding cassette, subfamily B, multidrug efflux pump","0.0000 ","0.0165","Pseudoalteromonas issachenkonii"
"pia","PI2015_1314","K01439","dapE","succinyl-diaminopimelate desuccinylase","0.3579","0.1038","Pseudoalteromonas issachenkonii"
"pia","PI2015_1318","K13788","pta","phosphate acetyltransferase","0.0750","0.0874","Pseudoalteromonas issachenkonii"
"pia","PI2015_1319","K00925","ackA","acetate kinase","0.0298","0.0659","Pseudoalteromonas issachenkonii"
"pia","PI2015_1323","K01142","E3.1.11.2, xthA","exodeoxyribonuclease III","0.0010","0.0110","Pseudoalteromonas issachenkonii"
"pia","PI2015_1336","K01187","malZ","alpha-glucosidase","0.0285","0.0110","Pseudoalteromonas issachenkonii"
"pia","PI2015_1338","K14266","prnA, rebH","tryptophan halogenase","0.0000 ","0.0020","Pseudoalteromonas issachenkonii"
"pia","PI2015_1341","K01178","SGA1","glucoamylase","0.0044","0.0058","Pseudoalteromonas issachenkonii"
"pia","PI2015_1342","K01176","AMY, amyA, malS","alpha-amylase","0.0085","0.0121","Pseudoalteromonas issachenkonii"
"pia","PI2015_1344","K03217","yidC, spoIIIJ, OXA1, ccfA","YidC/Oxa1 family membrane protein insertase","0.5327","0.5418","Pseudoalteromonas issachenkonii"
"pia","PI2015_1349","K00845","glk","glucokinase","0.0051","0.0269","Pseudoalteromonas issachenkonii"
"pia","PI2015_1351","K01690","edd","phosphogluconate dehydratase","0.0000 ","0.0297","Pseudoalteromonas issachenkonii"
"pia","PI2015_1352","K01625","eda","2-dehydro-3-deoxyphosphogluconate aldolase / (4S)-4-hydroxy-2-oxoglutarate aldolase","0.0053","0.0197","Pseudoalteromonas issachenkonii"
"pia","PI2015_1353","K00134","GAPDH, gapA","glyceraldehyde 3-phosphate dehydrogenase","0.5166","0.5281","Pseudoalteromonas issachenkonii"
"pia","PI2015_1360","K03072","secD","preprotein translocase subunit SecD","0.3583","0.2073","Pseudoalteromonas issachenkonii"
"pia","PI2015_1361","K03074","secF","preprotein translocase subunit SecF","0.2743","0.1805","Pseudoalteromonas issachenkonii"
"pia","PI2015_1374","K18473","fabY","acetoacetyl-[acyl-carrier protein] synthase","0.6172","0.5060","Pseudoalteromonas issachenkonii"
"pia","PI2015_1378","K01070","frmB, ESD, fghA","S-formylglutathione hydrolase","0.0000 ","0.0002","Pseudoalteromonas issachenkonii"
"pia","PI2015_1379","K00121","frmA, ADH5, adhC","S-(hydroxymethyl)glutathione dehydrogenase / alcohol dehydrogenase","0.0144","0.0255","Pseudoalteromonas issachenkonii"
"pia","PI2015_1381","K09808","lolC_E","lipoprotein-releasing system permease protein","0.4739","0.1800","Pseudoalteromonas issachenkonii"
"pia","PI2015_1382","K09810","lolD","lipoprotein-releasing system ATP-binding protein","0.3618","0.0231","Pseudoalteromonas issachenkonii"
"pia","PI2015_1383","K09808","lolC_E","lipoprotein-releasing system permease protein","0.4739","0.1800","Pseudoalteromonas issachenkonii"
"pia","PI2015_1385","K00262","E1.4.1.4, gdhA","glutamate dehydrogenase (NADP+)","0.2743","0.2224","Pseudoalteromonas issachenkonii"
"pia","PI2015_1389","K01868","TARS, thrS","threonyl-tRNA synthetase","0.6103","0.5347","Pseudoalteromonas issachenkonii"
"pia","PI2015_1391","K02916","RP-L35, MRPL35, rpmI","large subunit ribosomal protein L35","0.3752","0.5158","Pseudoalteromonas issachenkonii"
"pia","PI2015_1392","K02887","RP-L20, MRPL20, rplT","large subunit ribosomal protein L20","0.4873","0.5756","Pseudoalteromonas issachenkonii"
"pia","PI2015_1400","K00873","PK, pyk","pyruvate kinase","0.7341","0.8327","Pseudoalteromonas issachenkonii"
"pia","PI2015_1401","K00033","PGD, gnd, gntZ","6-phosphogluconate dehydrogenase","0.0170","0.0284","Pseudoalteromonas issachenkonii"
"pia","PI2015_1402","K01424","E3.5.1.1, ansA, ansB","L-asparaginase","0.0190","0.1677","Pseudoalteromonas issachenkonii"
"pia","PI2015_1415","K00526","E1.17.4.1B, nrdB, nrdF","ribonucleoside-diphosphate reductase beta chain","0.7656","0.6595","Pseudoalteromonas issachenkonii"
"pia","PI2015_1416","K00525","E1.17.4.1A, nrdA, nrdE","ribonucleoside-diphosphate reductase alpha chain","0.7656","0.6595","Pseudoalteromonas issachenkonii"
"pia","PI2015_1417","K22292","N/A","","N/A","N/A","Pseudoalteromonas issachenkonii"
"pia","PI2015_1418","K00568","ubiG","2-polyprenyl-6-hydroxyphenyl methylase / 3-demethylubiquinone-9 3-methyltransferase","0.4332","0.1583","Pseudoalteromonas issachenkonii"
"pia","PI2015_1420","K00831","serC, PSAT1","phosphoserine aminotransferase","0.1238","0.1765","Pseudoalteromonas issachenkonii"
"pia","PI2015_1421","K00800","aroA","3-phosphoshikimate 1-carboxyvinyltransferase","0.1299","0.1579","Pseudoalteromonas issachenkonii"
"pia","PI2015_1422","K00945","cmk","CMP/dCMP kinase","0.8469","0.5663","Pseudoalteromonas issachenkonii"
"pia","PI2015_1423","K02945","RP-S1, rpsA","small subunit ribosomal protein S1","0.3635","0.5201","Pseudoalteromonas issachenkonii"
"pia","PI2015_1427","K01591","pyrF","orotidine-5-phosphate decarboxylase","0.0665","0.1970","Pseudoalteromonas issachenkonii"
"pia","PI2015_1436","K02342","DPO3E, dnaQ","DNA polymerase III subunit epsilon","0.8212","0.6494","Pseudoalteromonas issachenkonii"
"pia","PI2015_1438","K01953","asnB, ASNS","asparagine synthase (glutamine-hydrolysing)","0.0302","0.0397","Pseudoalteromonas issachenkonii"
"pia","PI2015_1443","K01029","E2.8.3.5B, scoB","3-oxoacid CoA-transferase subunit B","0.0000 ","0.0006","Pseudoalteromonas issachenkonii"
"pia","PI2015_1444","K01028","E2.8.3.5A, scoA","3-oxoacid CoA-transferase subunit A","0.0000 ","0.0009","Pseudoalteromonas issachenkonii"
"pia","PI2015_1445","K01640","E4.1.3.4, HMGCL, hmgL","hydroxymethylglutaryl-CoA lyase","0.0091","0.0134","Pseudoalteromonas issachenkonii"
"pia","PI2015_1446","K01968","E6.4.1.4A","3-methylcrotonyl-CoA carboxylase alpha subunit","0.0000 ","0.0950","Pseudoalteromonas issachenkonii"
"pia","PI2015_1447","K13766","liuC","methylglutaconyl-CoA hydratase","0.0051","0.0034","Pseudoalteromonas issachenkonii"
"pia","PI2015_1448","K01969","E6.4.1.4B","3-methylcrotonyl-CoA carboxylase beta subunit","0.0000 ","0.0887","Pseudoalteromonas issachenkonii"
"pia","PI2015_1449","K00253","IVD, ivd","isovaleryl-CoA dehydrogenase","0.0106","0.0046","Pseudoalteromonas issachenkonii"
"pia","PI2015_1451","K00626","E2.3.1.9, atoB","acetyl-CoA C-acetyltransferase","0.0206","0.0393","Pseudoalteromonas issachenkonii"
"pia","PI2015_1452","K00140","mmsA, iolA, ALDH6A1","malonate-semialdehyde dehydrogenase (acetylating) / methylmalonate-semialdehyde dehydrogenase","0.0000 ","0.0040","Pseudoalteromonas issachenkonii"
"pia","PI2015_1456","K00020","mmsB, HIBADH","3-hydroxyisobutyrate dehydrogenase","0.0000 ","0.0024","Pseudoalteromonas issachenkonii"
"pia","PI2015_1457","K00059","fabG","3-oxoacyl-[acyl-carrier protein] reductase","0.7026","0.4376","Pseudoalteromonas issachenkonii"
"pia","PI2015_1466","K03406","mcp","methyl-accepting chemotaxis protein","0.0071","0.0042","Pseudoalteromonas issachenkonii"
"pia","PI2015_1467","K01255","CARP, pepA","leucyl aminopeptidase","0.0277","0.0512","Pseudoalteromonas issachenkonii"
"pia","PI2015_1471","K19745","acuI","acrylyl-CoA reductase (NADPH)","0.0141","0.0041","Pseudoalteromonas issachenkonii"
"pia","PI2015_1474","K01716","fabA","3-hydroxyacyl-[acyl-carrier protein] dehydratase / trans-2-decenoyl-[acyl-carrier protein] isomerase","0.7134","0.6273","Pseudoalteromonas issachenkonii"
"pia","PI2015_1485","K00850","pfkA, PFK","6-phosphofructokinase 1","0.5774","0.5374","Pseudoalteromonas issachenkonii"
"pia","PI2015_1493","K00027","ME2, sfcA, maeA","malate dehydrogenase (oxaloacetate-decarboxylating)","0.0016","0.0078","Pseudoalteromonas issachenkonii"
"pia","PI2015_1494","K00681","ggt","gamma-glutamyltranspeptidase / glutathione hydrolase","0.0013","0.0125","Pseudoalteromonas issachenkonii"
"pia","PI2015_1500","K01589","purK","5-(carboxyamino)imidazole ribonucleotide synthase","0.0429","0.0792","Pseudoalteromonas issachenkonii"
"pia","PI2015_1501","K01588","purE","5-(carboxyamino)imidazole ribonucleotide mutase","0.0526","0.0937","Pseudoalteromonas issachenkonii"
"pia","PI2015_1516","K00626","E2.3.1.9, atoB","acetyl-CoA C-acetyltransferase","0.0206","0.0393","Pseudoalteromonas issachenkonii"
"pia","PI2015_1523","K01759","GLO1, gloA","lactoylglutathione lyase","0.0000 ","0.0104","Pseudoalteromonas issachenkonii"
"pia","PI2015_1525","K01935","bioD","dethiobiotin synthetase","0.0414","0.1142","Pseudoalteromonas issachenkonii"
"pia","PI2015_1526","K02169","bioC","malonyl-CoA O-methyltransferase","0.3922","0.0824","Pseudoalteromonas issachenkonii"
"pia","PI2015_1527","K00652","bioF","8-amino-7-oxononanoate synthase","0.0414","0.0827","Pseudoalteromonas issachenkonii"
"pia","PI2015_1528","K01012","bioB","biotin synthase","0.0544","0.1254","Pseudoalteromonas issachenkonii"
"pia","PI2015_1529","K00833","bioA","adenosylmethionine---8-amino-7-oxononanoate aminotransferase","0.0190","0.0731","Pseudoalteromonas issachenkonii"
"pia","PI2015_1531","K02012","afuA, fbpA","iron(III) transport system substrate-binding protein","0.0080","0.0073","Pseudoalteromonas issachenkonii"
"pia","PI2015_1532","K02011","afuB, fbpB","iron(III) transport system permease protein","0.0098","0.0095","Pseudoalteromonas issachenkonii"
"pia","PI2015_1533","K02010","afuC, fbpC","iron(III) transport system ATP-binding protein","0.0026","0.0068","Pseudoalteromonas issachenkonii"
"pia","PI2015_1535","K01893","NARS, asnS","asparaginyl-tRNA synthetase","0.2860","0.2797","Pseudoalteromonas issachenkonii"
"pia","PI2015_1543","K01881","PARS, proS","prolyl-tRNA synthetase","0.6601","0.5571","Pseudoalteromonas issachenkonii"
"pia","PI2015_1544","K09696","natB","sodium transport system permease protein","0.0000 ","0.0000 ","Pseudoalteromonas issachenkonii"
"pia","PI2015_1545","K09697","natA","sodium transport system ATP-binding protein","0.0000 ","0.0000 ","Pseudoalteromonas issachenkonii"
"pia","PI2015_1549","K09699","DBT, bkdB","2-oxoisovalerate dehydrogenase E2 component (dihydrolipoyl transacylase)","0.0000 ","0.0203","Pseudoalteromonas issachenkonii"
"pia","PI2015_1550","K00167","BCKDHB, bkdA2","2-oxoisovalerate dehydrogenase E1 component beta subunit","0.0000 ","0.0044","Pseudoalteromonas issachenkonii"
"pia","PI2015_1551","K00166","BCKDHA, bkdA1","2-oxoisovalerate dehydrogenase E1 component alpha subunit","0.0000 ","0.0150","Pseudoalteromonas issachenkonii"
"pia","PI2015_1552","K05526","astE","succinylglutamate desuccinylase","0.0000 ","0.0037","Pseudoalteromonas issachenkonii"
"pia","PI2015_1553","K01835","pgm","phosphoglucomutase","0.0858","0.1247","Pseudoalteromonas issachenkonii"
"pia","PI2015_1560","K01886","QARS, glnS","glutaminyl-tRNA synthetase","0.4571","0.4463","Pseudoalteromonas issachenkonii"
"pia","PI2015_1562","K01902","sucD","succinyl-CoA synthetase alpha subunit","0.0631","0.0742","Pseudoalteromonas issachenkonii"
"pia","PI2015_1563","K01903","sucC","succinyl-CoA synthetase beta subunit","0.0322","0.0831","Pseudoalteromonas issachenkonii"
"pia","PI2015_1564","K00658","DLST, sucB","2-oxoglutarate dehydrogenase E2 component (dihydrolipoamide succinyltransferase)","0.3018","0.2626","Pseudoalteromonas issachenkonii"
"pia","PI2015_1565","K00164","OGDH, sucA","2-oxoglutarate dehydrogenase E1 component","0.2472","0.1717","Pseudoalteromonas issachenkonii"
"pia","PI2015_1566","K00240","sdhB, frdB","succinate dehydrogenase / fumarate reductase, iron-sulfur subunit","0.2338","0.2373","Pseudoalteromonas issachenkonii"
"pia","PI2015_1567","K00239","sdhA, frdA","succinate dehydrogenase / fumarate reductase, flavoprotein subunit","0.2684","0.2219","Pseudoalteromonas issachenkonii"
"pia","PI2015_1568","K00242","sdhD, frdD","succinate dehydrogenase / fumarate reductase, membrane anchor subunit","0.2867","0.2319","Pseudoalteromonas issachenkonii"
"pia","PI2015_1569","K00241","sdhC, frdC","succinate dehydrogenase / fumarate reductase, cytochrome b subunit","0.2684","0.2467","Pseudoalteromonas issachenkonii"
"pia","PI2015_1570","K01647","CS, gltA","citrate synthase","0.2338","0.2171","Pseudoalteromonas issachenkonii"
"pia","PI2015_1571","K11717","sufS","cysteine desulfurase / selenocysteine lyase","0.2588","0.0692","Pseudoalteromonas issachenkonii"
"pia","PI2015_1575","K00979","kdsB","3-deoxy-manno-octulosonate cytidylyltransferase (CMP-KDO synthetase)","0.4649","0.2620","Pseudoalteromonas issachenkonii"
"pia","PI2015_1577","K00912","lpxK","tetraacyldisaccharide 4-kinase","0.4534","0.2386","Pseudoalteromonas issachenkonii"
"pia","PI2015_1578","K11085","msbA","ATP-binding cassette, subfamily B, bacterial MsbA","0.3149","0.0165","Pseudoalteromonas issachenkonii"
"pia","PI2015_1586","K00254","DHODH, pyrD","dihydroorotate dehydrogenase","0.0463","0.1443","Pseudoalteromonas issachenkonii"
"pia","PI2015_1587","K15371","GDH2","glutamate dehydrogenase","0.3003","0.2395","Pseudoalteromonas issachenkonii"
"pia","PI2015_1593","K01256","pepN","aminopeptidase N","0.0298","0.0588","Pseudoalteromonas issachenkonii"
"pia","PI2015_1598","K08968","msrC","L-methionine (R)-S-oxide reductase","0.0000 ","0.0131","Pseudoalteromonas issachenkonii"
"pia","PI2015_1601","K07235","tusD, dsrE","tRNA 2-thiouridine synthesizing protein D","0.0426","0.0594","Pseudoalteromonas issachenkonii"
"pia","PI2015_1602","K07236","tusC, dsrF","tRNA 2-thiouridine synthesizing protein C","0.0509","0.0643","Pseudoalteromonas issachenkonii"
"pia","PI2015_1603","K07237","tusB, dsrH","tRNA 2-thiouridine synthesizing protein B","0.0127","0.0575","Pseudoalteromonas issachenkonii"
"pia","PI2015_1604","K11179","tusE, dsrC","tRNA 2-thiouridine synthesizing protein E","0.0616","0.0721","Pseudoalteromonas issachenkonii"
"pia","PI2015_1610","K00566","mnmA, trmU","tRNA-uridine 2-sulfurtransferase","0.5166","0.3627","Pseudoalteromonas issachenkonii"
"pia","PI2015_1612","K01756","purB, ADSL","adenylosuccinate lyase","0.2660","0.2990","Pseudoalteromonas issachenkonii"
"pia","PI2015_1615","K14260","alaA","alanine-synthesizing transaminase","0.2898","0.1945","Pseudoalteromonas issachenkonii"
"pia","PI2015_1619","K01494","dcd","dCTP deaminase","0.3149","0.2584","Pseudoalteromonas issachenkonii"
"pia","PI2015_1621","K01874","MARS, metG","methionyl-tRNA synthetase","0.3906","0.3932","Pseudoalteromonas issachenkonii"
"pia","PI2015_1630","K03100","lepB, TPP","signal peptidase I","0.3262","0.4509","Pseudoalteromonas issachenkonii"
"pia","PI2015_1636","K00031","IDH1, IDH2, icd","isocitrate dehydrogenase","0.1443","0.2055","Pseudoalteromonas issachenkonii"
"pia","PI2015_1649","K01657","trpE","anthranilate synthase component I","0.0429","0.0698","Pseudoalteromonas issachenkonii"
"pia","PI2015_1650","K01658","trpG","anthranilate synthase component II","0.0482","0.0712","Pseudoalteromonas issachenkonii"
"pia","PI2015_1651","K00766","trpD","anthranilate phosphoribosyltransferase","0.0503","0.0927","Pseudoalteromonas issachenkonii"
"pia","PI2015_1652","K13498","trpCF","indole-3-glycerol phosphate synthase / phosphoribosylanthranilate isomerase","0.0722","0.0821","Pseudoalteromonas issachenkonii"
"pia","PI2015_1653","K01696","trpB","tryptophan synthase beta chain","0.0606","0.0979","Pseudoalteromonas issachenkonii"
"pia","PI2015_1654","K01695","trpA","tryptophan synthase alpha chain","0.0606","0.0979","Pseudoalteromonas issachenkonii"
"pia","PI2015_1661","K07660","phoP","two-component system, OmpR family, response regulator PhoP","0.0000 ","0.0027","Pseudoalteromonas issachenkonii"
"pia","PI2015_1662","K07637","phoQ","two-component system, OmpR family, sensor histidine kinase PhoQ","0.0000 ","0.0012","Pseudoalteromonas issachenkonii"
"pia","PI2015_1668","K00274","MAO, aofH","monoamine oxidase","0.0000 ","0.0000 ","Pseudoalteromonas issachenkonii"
"pia","PI2015_1674","K01129","dgt","dGTPase","0.0000 ","0.0331","Pseudoalteromonas issachenkonii"
"pia","PI2015_1678","K00826","E2.6.1.42, ilvE","branched-chain amino acid aminotransferase","0.0166","0.0653","Pseudoalteromonas issachenkonii"
"pia","PI2015_1692","K03406","mcp","methyl-accepting chemotaxis protein","0.0071","0.0042","Pseudoalteromonas issachenkonii"
"pia","PI2015_1704","K01141","sbcB, exoI","exodeoxyribonuclease I","0.0029","0.0124","Pseudoalteromonas issachenkonii"
"pia","PI2015_1706","K00432","gpx","glutathione peroxidase","0.0000 ","0.0000 ","Pseudoalteromonas issachenkonii"
"pia","PI2015_1707","K03778","ldhA","D-lactate dehydrogenase","0.0016","0.0134","Pseudoalteromonas issachenkonii"
"pia","PI2015_1709","K06133","LYS5, acpT","4-phosphopantetheinyl transferase","0.0206","0.1975","Pseudoalteromonas issachenkonii"
"pia","PI2015_1710","K00928","lysC","aspartate kinase","0.3479","0.4527","Pseudoalteromonas issachenkonii"
"pia","PI2015_1726","K01061","E3.1.1.45","carboxymethylenebutenolidase","0.0000 ","0.0000 ","Pseudoalteromonas issachenkonii"
"pia","PI2015_1728","K10679","nfnB, nfsB","nitroreductase / dihydropteridine reductase","0.0000 ","0.0002","Pseudoalteromonas issachenkonii"
"pia","PI2015_1731","K01955","carB, CPA2","carbamoyl-phosphate synthase large subunit","0.4583","0.4389","Pseudoalteromonas issachenkonii"
"pia","PI2015_1732","K01956","carA, CPA1","carbamoyl-phosphate synthase small subunit","0.4583","0.4389","Pseudoalteromonas issachenkonii"
"pia","PI2015_1733","K00215","dapB","4-hydroxy-tetrahydrodipicolinate reductase","0.5376","0.5651","Pseudoalteromonas issachenkonii"
"pia","PI2015_1741","K00858","ppnK, NADK","NAD+ kinase","0.5327","0.4578","Pseudoalteromonas issachenkonii"
"pia","PI2015_1745","K00266","gltD","glutamate synthase (NADPH/NADH) small chain","0.2338","0.2051","Pseudoalteromonas issachenkonii"
"pia","PI2015_1746","K00265","gltB","glutamate synthase (NADPH/NADH) large chain","0.2338","0.2722","Pseudoalteromonas issachenkonii"
"pia","PI2015_1762","K00939","adk, AK","adenylate kinase","0.8789","0.7609","Pseudoalteromonas issachenkonii"
"pia","PI2015_1765","K06187","recR","recombination protein RecR","0.0040","0.0446","Pseudoalteromonas issachenkonii"
"pia","PI2015_1767","K02343","DPO3G, dnaX","DNA polymerase III subunit gamma/tau","0.9384","0.9971","Pseudoalteromonas issachenkonii"
"pia","PI2015_1768","K00759","APRT, apt","adenine phosphoribosyltransferase","0.2016","0.1143","Pseudoalteromonas issachenkonii"
"pia","PI2015_1783","K01465","URA4, pyrC","dihydroorotase","0.0386","0.1747","Pseudoalteromonas issachenkonii"
"pia","PI2015_1796","K00263","E1.4.1.9","leucine dehydrogenase","0.0509","0.0998","Pseudoalteromonas issachenkonii"
"pia","PI2015_1797","K01676","E4.2.1.2A, fumA, fumB","fumarate hydratase, class I","0.0829","0.0774","Pseudoalteromonas issachenkonii"
"pia","PI2015_1798","K01665","pabB","para-aminobenzoate synthetase component I","0.0137","0.1631","Pseudoalteromonas issachenkonii"
"pia","PI2015_1800","K01752","E4.3.1.17, sdaA, sdaB, tdcG","L-serine dehydratase","0.1877","0.2699","Pseudoalteromonas issachenkonii"
"pia","PI2015_1821","K14266","prnA, rebH","tryptophan halogenase","0.0000 ","0.0020","Pseudoalteromonas issachenkonii"
"pia","PI2015_1823","K01057","PGLS, pgl, devB","6-phosphogluconolactonase","0.0160","0.0142","Pseudoalteromonas issachenkonii"
"pia","PI2015_1824","K00036","G6PD, zwf","glucose-6-phosphate 1-dehydrogenase","0.0214","0.0549","Pseudoalteromonas issachenkonii"
"pia","PI2015_1825","K01810","GPI, pgi","glucose-6-phosphate isomerase","0.3262","0.3873","Pseudoalteromonas issachenkonii"
"pia","PI2015_1832","K03809","wrbA","NAD(P)H dehydrogenase (quinone)","0.0017","0.0508","Pseudoalteromonas issachenkonii"
"pia","PI2015_1835","K07323","mlaC","phospholipid transport system substrate-binding protein","0.0000 ","0.0053","Pseudoalteromonas issachenkonii"
"pia","PI2015_1844","K09936","TC.BAT2","bacterial/archaeal transporter family-2 protein","0.0000 ","0.0004","Pseudoalteromonas issachenkonii"
"pia","PI2015_1845","K09936","TC.BAT2","bacterial/archaeal transporter family-2 protein","0.0000 ","0.0004","Pseudoalteromonas issachenkonii"
"pia","PI2015_1851","K10026","queE","7-carboxy-7-deazaguanine synthase","0.0013","0.1471","Pseudoalteromonas issachenkonii"
"pia","PI2015_1852","K06920","queC","7-cyano-7-deazaguanine synthase","0.0000 ","0.1423","Pseudoalteromonas issachenkonii"
"pia","PI2015_1858","K03702","uvrB","excinuclease ABC subunit B","0.0041","0.0270","Pseudoalteromonas issachenkonii"
"pia","PI2015_1867","K10773","NTH","endonuclease III","0.0010","0.0113","Pseudoalteromonas issachenkonii"
"pia","PI2015_1881","K03841","FBP, fbp","fructose-1,6-bisphosphatase I","0.5073","0.5137","Pseudoalteromonas issachenkonii"
"pia","PI2015_1882","K01624","FBA, fbaA","fructose-bisphosphate aldolase, class II","0.5327","0.3946","Pseudoalteromonas issachenkonii"
"pia","PI2015_1883","K01625","eda","2-dehydro-3-deoxyphosphogluconate aldolase / (4S)-4-hydroxy-2-oxoglutarate aldolase","0.0053","0.0197","Pseudoalteromonas issachenkonii"
"pia","PI2015_1884","K00874","kdgK","2-dehydro-3-deoxygluconokinase","0.0018","0.0093","Pseudoalteromonas issachenkonii"
"pia","PI2015_1888","K01729","algL","poly(beta-D-mannuronate) lyase","0.0000 ","0.0205","Pseudoalteromonas issachenkonii"
"pia","PI2015_1890","K01759","GLO1, gloA","lactoylglutathione lyase","0.0000 ","0.0104","Pseudoalteromonas issachenkonii"
"pia","PI2015_1898","K01972","E6.5.1.2, ligA, ligB","DNA ligase (NAD+)","0.7656","0.6583","Pseudoalteromonas issachenkonii"
"pia","PI2015_1905","K01480","speB","agmatinase","0.0031","0.0043","Pseudoalteromonas issachenkonii"
"pia","PI2015_1906","K01585","speA","arginine decarboxylase","0.0321","0.0215","Pseudoalteromonas issachenkonii"
"pia","PI2015_1908","K03406","mcp","methyl-accepting chemotaxis protein","0.0071","0.0042","Pseudoalteromonas issachenkonii"
"pia","PI2015_1916","K01627","kdsA","2-dehydro-3-deoxyphosphooctonate aldolase (KDO 8-P synthase)","0.2898","0.2015","Pseudoalteromonas issachenkonii"
"pia","PI2015_1923","K02492","hemA","glutamyl-tRNA reductase","0.2206","0.1199","Pseudoalteromonas issachenkonii"
"pia","PI2015_1925","K00919","ispE","4-diphosphocytidyl-2-C-methyl-D-erythritol kinase","0.5198","0.4114","Pseudoalteromonas issachenkonii"
"pia","PI2015_1926","K00948","PRPS, prsA","ribose-phosphate pyrophosphokinase","0.7656","0.8943","Pseudoalteromonas issachenkonii"
"pia","PI2015_1927","K02897","RP-L25, rplY","large subunit ribosomal protein L25","0.0966","0.3652","Pseudoalteromonas issachenkonii"
"pia","PI2015_1930","K03184","ubiF","2-octaprenyl-3-methyl-6-methoxy-1,4-benzoquinol hydroxylase","0.3392","0.0775","Pseudoalteromonas issachenkonii"
"pia","PI2015_1945","K01869","LARS, leuS","leucyl-tRNA synthetase","0.6103","0.5347","Pseudoalteromonas issachenkonii"
"pia","PI2015_1947","K02340","DPO3D1, holA","DNA polymerase III subunit delta","0.9384","0.9971","Pseudoalteromonas issachenkonii"
"pia","PI2015_1948","K00969","nadD","nicotinate-nucleotide adenylyltransferase","0.4583","0.4141","Pseudoalteromonas issachenkonii"
"pia","PI2015_1951","K05515","mrdA","penicillin-binding protein 2","0.2106","0.0687","Pseudoalteromonas issachenkonii"
"pia","PI2015_1954","K07258","dacC, dacA, dacD","serine-type D-Ala-D-Ala carboxypeptidase (penicillin-binding protein 5/6)","0.0012","0.0145","Pseudoalteromonas issachenkonii"
"pia","PI2015_1956","K03801","lipB","lipoyl(octanoyl) transferase","0.3018","0.2428","Pseudoalteromonas issachenkonii"
"pia","PI2015_1957","K03644","lipA","lipoyl synthase","0.2427","0.2360","Pseudoalteromonas issachenkonii"
"pia","PI2015_1986","K06879","queF","7-cyano-7-deazaguanine reductase","0.0085","0.1498","Pseudoalteromonas issachenkonii"
"pia","PI2015_1998","K04067","priC","primosomal replication protein N","0.0000 ","0.0283","Pseudoalteromonas issachenkonii"
"pia","PI2015_2003","K02342","DPO3E, dnaQ","DNA polymerase III subunit epsilon","0.8212","0.6494","Pseudoalteromonas issachenkonii"
"pia","PI2015_2030","K01962","accA","acetyl-CoA carboxylase carboxyl transferase subunit alpha","0.6626","0.6603","Pseudoalteromonas issachenkonii"
"pia","PI2015_2031","K02337","DPO3A1, dnaE","DNA polymerase III subunit alpha","0.9384","0.7471","Pseudoalteromonas issachenkonii"
"pia","PI2015_2032","K03470","rnhB","ribonuclease HII","0.0093","0.1015","Pseudoalteromonas issachenkonii"
"pia","PI2015_2033","K00748","lpxB","lipid-A-disaccharide synthase","0.4346","0.2421","Pseudoalteromonas issachenkonii"
"pia","PI2015_2034","K00425","cydA","cytochrome d ubiquinol oxidase subunit I","0.0184","0.0390","Pseudoalteromonas issachenkonii"
"pia","PI2015_2035","K00426","cydB","cytochrome d ubiquinol oxidase subunit II","0.0046","0.0231","Pseudoalteromonas issachenkonii"
"pia","PI2015_2036","K00424","#N/A","","0.0000 ","0.0266","Pseudoalteromonas issachenkonii"
"pia","PI2015_2037","K16013","cydD","ATP-binding cassette, subfamily C, bacterial CydD","0.0018","0.0093","Pseudoalteromonas issachenkonii"
"pia","PI2015_2038","K16012","cydC","ATP-binding cassette, subfamily C, bacterial CydC","0.0302","0.0240","Pseudoalteromonas issachenkonii"
"pia","PI2015_2040","K00677","lpxA","UDP-N-acetylglucosamine acyltransferase","0.4842","0.3084","Pseudoalteromonas issachenkonii"
"pia","PI2015_2041","K02372","fabZ","3-hydroxyacyl-[acyl-carrier-protein] dehydratase","0.5987","0.6766","Pseudoalteromonas issachenkonii"
"pia","PI2015_2042","K02536","lpxD","UDP-3-O-[3-hydroxymyristoyl] glucosamine N-acyltransferase","0.5366","0.2754","Pseudoalteromonas issachenkonii"
"pia","PI2015_2045","K11749","rseP","regulator of sigma E protease","0.0563","0.0923","Pseudoalteromonas issachenkonii"
"pia","PI2015_2046","K00099","dxr","1-deoxy-D-xylulose-5-phosphate reductoisomerase","0.5774","0.3985","Pseudoalteromonas issachenkonii"
"pia","PI2015_2047","K00981","E2.7.7.41, CDS1, CDS2, cdsA","phosphatidate cytidylyltransferase","0.8212","0.9472","Pseudoalteromonas issachenkonii"
"pia","PI2015_2048","K00806","uppS","undecaprenyl diphosphate synthase","0.6186","0.2407","Pseudoalteromonas issachenkonii"
"pia","PI2015_2050","K09903","pyrH","uridylate kinase","0.8789","0.5971","Pseudoalteromonas issachenkonii"
"pia","PI2015_2052","K02967","RP-S2, MRPS2, rpsB","small subunit ribosomal protein S2","0.4440","0.5564","Pseudoalteromonas issachenkonii"
"pia","PI2015_2054","K00990","glnD","[protein-PII] uridylyltransferase","0.0000 ","0.0007","Pseudoalteromonas issachenkonii"
"pia","PI2015_2055","K00674","dapD","2,3,4,5-tetrahydropyridine-2-carboxylate N-succinyltransferase","0.3434","0.1480","Pseudoalteromonas issachenkonii"
"pia","PI2015_2058","K01724","PCBD, phhB","4a-hydroxytetrahydrobiopterin dehydratase","0.0024","0.0094","Pseudoalteromonas issachenkonii"
"pia","PI2015_2059","K00500","phhA, PAH","phenylalanine-4-hydroxylase","0.0035","0.0042","Pseudoalteromonas issachenkonii"
"pia","PI2015_2060","K01761","E4.4.1.11","methionine-gamma-lyase","0.0000 ","0.0794","Pseudoalteromonas issachenkonii"
"pia","PI2015_2067","K19226","sapA","cationic peptide transport system substrate-binding protein","0.0000 ","0.0016","Pseudoalteromonas issachenkonii"
"pia","PI2015_2068","K19227","sapB","cationic peptide transport system permease protein","0.0000 ","0.0027","Pseudoalteromonas issachenkonii"
"pia","PI2015_2069","K19228","sapC","cationic peptide transport system permease protein","0.0000 ","0.0027","Pseudoalteromonas issachenkonii"
"pia","PI2015_2070","K19229","sapD","cationic peptide transport system ATP-binding protein","0.0035","0.0024","Pseudoalteromonas issachenkonii"
"pia","PI2015_2071","K19230","sapF","cationic peptide transport system ATP-binding protein","0.0000 ","0.0024","Pseudoalteromonas issachenkonii"
"pia","PI2015_2078","K01491","folD","methylenetetrahydrofolate dehydrogenase (NADP+) / methenyltetrahydrofolate cyclohydrolase","0.4306","0.4659","Pseudoalteromonas issachenkonii"
"pia","PI2015_2080","K01883","CARS, cysS","cysteinyl-tRNA synthetase","0.6601","0.3696","Pseudoalteromonas issachenkonii"
"pia","PI2015_2082","K03269","lpxH","UDP-2,3-diacylglucosamine hydrolase","0.3317","0.1700","Pseudoalteromonas issachenkonii"
"pia","PI2015_2087","K00764","purF, PPAT","amidophosphoribosyltransferase","0.0184","0.1521","Pseudoalteromonas issachenkonii"
"pia","PI2015_2090","K11754","folC","dihydrofolate synthase / folylpolyglutamate synthase","0.5987","0.4070","Pseudoalteromonas issachenkonii"
"pia","PI2015_2091","K01963","accD","acetyl-CoA carboxylase carboxyl transferase subunit beta","0.6626","0.5064","Pseudoalteromonas issachenkonii"
"pia","PI2015_2094","K00133","asd","aspartate-semialdehyde dehydrogenase","0.4295","0.3677","Pseudoalteromonas issachenkonii"
"pia","PI2015_2095","K03473","pdxB","erythronate-4-phosphate dehydrogenase","0.0616","0.0862","Pseudoalteromonas issachenkonii"
"pia","PI2015_2096","K00647","fabB","3-oxoacyl-[acyl-carrier-protein] synthase I","0.7777","0.5553","Pseudoalteromonas issachenkonii"
"pia","PI2015_2102","K21218","motY","sodium-type flagellar protein MotY","0.0000 ","0.0110","Pseudoalteromonas issachenkonii"
"pia","PI2015_2104","K00681","ggt","gamma-glutamyltranspeptidase / glutathione hydrolase","0.0013","0.0125","Pseudoalteromonas issachenkonii"
"pia","PI2015_2113","K03075","secG","preprotein translocase subunit SecG","0.0644","0.3115","Pseudoalteromonas issachenkonii"
"pia","PI2015_2114","K01803","TPI, tpiA","triosephosphate isomerase (TIM)","0.5625","0.7010","Pseudoalteromonas issachenkonii"
"pia","PI2015_2115","K03431","glmM","phosphoglucosamine mutase","0.6398","0.1673","Pseudoalteromonas issachenkonii"
"pia","PI2015_2116","K00796","folP","dihydropteroate synthase","0.5030","0.3686","Pseudoalteromonas issachenkonii"
"pia","PI2015_2121","K01467","ampC","beta-lactamase class C","0.0000 ","0.0009","Pseudoalteromonas issachenkonii"
"pia","PI2015_2138","K00053","ilvC","ketol-acid reductoisomerase","0.0563","0.1147","Pseudoalteromonas issachenkonii"
"pia","PI2015_2139","K03406","mcp","methyl-accepting chemotaxis protein","0.0071","0.0042","Pseudoalteromonas issachenkonii"
"pia","PI2015_2164","K02196","ccmD","heme exporter protein D","0.0000 ","0.0053","Pseudoalteromonas issachenkonii"
"pia","PI2015_2165","K02195","ccmC","heme exporter protein C","0.0085","0.0090","Pseudoalteromonas issachenkonii"
"pia","PI2015_2166","K02194","ccmB","heme exporter protein B","0.0021","0.0090","Pseudoalteromonas issachenkonii"
"pia","PI2015_2167","K02193","ccmA","heme exporter protein A","0.0206","0.0071","Pseudoalteromonas issachenkonii"
"pia","PI2015_2171","K03408","cheW","purine-binding chemotaxis protein CheW","0.0270","0.0084","Pseudoalteromonas issachenkonii"
"pia","PI2015_2172","K03408","cheW","purine-binding chemotaxis protein CheW","0.0270","0.0084","Pseudoalteromonas issachenkonii"
"pia","PI2015_2174","K02557","motB","chemotaxis protein MotB","0.0016","0.0085","Pseudoalteromonas issachenkonii"
"pia","PI2015_2175","K02556","motA","chemotaxis protein MotA","0.0000 ","0.0000 ","Pseudoalteromonas issachenkonii"
"pia","PI2015_2176","K03412","cheB","two-component system, chemotaxis family, response regulator CheB","0.0000 ","0.0034","Pseudoalteromonas issachenkonii"
"pia","PI2015_2177","K03407","cheA","two-component system, chemotaxis family, sensor kinase CheA","0.0016","0.0078","Pseudoalteromonas issachenkonii"
"pia","PI2015_2178","K03414","cheZ","chemotaxis protein CheZ","0.0000 ","0.0000 ","Pseudoalteromonas issachenkonii"
"pia","PI2015_2179","K03413","cheY","two-component system, chemotaxis family, response regulator CheY","0.0000 ","0.0036","Pseudoalteromonas issachenkonii"
"pia","PI2015_2180","K02405","fliA","RNA polymerase sigma factor for flagellar operon FliA","0.0000 ","0.0062","Pseudoalteromonas issachenkonii"
"pia","PI2015_2183","K02400","flhA","flagellar biosynthesis protein FlhA","0.0000 ","0.0007","Pseudoalteromonas issachenkonii"
"pia","PI2015_2184","K02401","flhB","flagellar biosynthetic protein FlhB","0.0000 ","0.0007","Pseudoalteromonas issachenkonii"
"pia","PI2015_2185","K02421","fliR","flagellar biosynthetic protein FliR","0.0000 ","0.0013","Pseudoalteromonas issachenkonii"
"pia","PI2015_2186","K02420","fliQ","flagellar biosynthetic protein FliQ","0.0000 ","0.0013","Pseudoalteromonas issachenkonii"
"pia","PI2015_2187","K02419","fliP","flagellar biosynthetic protein FliP","0.0000 ","0.0007","Pseudoalteromonas issachenkonii"
"pia","PI2015_2188","K02418","fliOZ, fliO","flagellar protein FliO/FliZ","0.0021","0.0042","Pseudoalteromonas issachenkonii"
"pia","PI2015_2189","K02417","fliNY, fliN","flagellar motor switch protein FliN/FliY","0.0067","0.0087","Pseudoalteromonas issachenkonii"
"pia","PI2015_2190","K02416","fliM","flagellar motor switch protein FliM","0.0000 ","0.0039","Pseudoalteromonas issachenkonii"
"pia","PI2015_2192","K02414","fliK","flagellar hook-length control protein FliK","0.0000 ","0.0007","Pseudoalteromonas issachenkonii"
"pia","PI2015_2193","K02413","fliJ","flagellar FliJ protein","0.0024","0.0037","Pseudoalteromonas issachenkonii"
"pia","PI2015_2194","K02412","fliI","flagellum-specific ATP synthase","0.0000 ","0.0007","Pseudoalteromonas issachenkonii"
"pia","PI2015_2195","K02411","fliH","flagellar assembly protein FliH","0.0000 ","0.0007","Pseudoalteromonas issachenkonii"
"pia","PI2015_2196","K02410","fliG","flagellar motor switch protein FliG","0.0000 ","0.0039","Pseudoalteromonas issachenkonii"
"pia","PI2015_2197","K02409","fliF","flagellar M-ring protein FliF","0.0000 ","0.0013","Pseudoalteromonas issachenkonii"
"pia","PI2015_2198","K02408","fliE","flagellar hook-basal body complex protein FliE","0.0016","0.0053","Pseudoalteromonas issachenkonii"
"pia","PI2015_2199","K10943","flrC, fleR","two-component system, response regulator FlrC","0.0000 ","0.0047","Pseudoalteromonas issachenkonii"
"pia","PI2015_2200","K10942","flrB, fleS","two-component system, sensor histidine kinase FlrB","0.0000 ","0.0049","Pseudoalteromonas issachenkonii"
"pia","PI2015_2201","K01246","tag","DNA-3-methyladenine glycosylase I","0.0012","0.0100","Pseudoalteromonas issachenkonii"
"pia","PI2015_2202","K10941","fleQ, flrA","sigma-54 dependent transcriptional regulator, flagellar regulatory protein","0.0000 ","0.0066","Pseudoalteromonas issachenkonii"
"pia","PI2015_2203","K02422","fliS","flagellar protein FliS","0.0000 ","0.0007","Pseudoalteromonas issachenkonii"
"pia","PI2015_2205","K15894","pseB","UDP-N-acetylglucosamine 4,6-dehydratase","0.0000 ","0.0228","Pseudoalteromonas issachenkonii"
"pia","PI2015_2209","K01845","hemL","glutamate-1-semialdehyde 2,1-aminomutase","0.1623","0.1170","Pseudoalteromonas issachenkonii"
"pia","PI2015_2212","K01955","carB, CPA2","carbamoyl-phosphate synthase large subunit","0.4583","0.4389","Pseudoalteromonas issachenkonii"
"pia","PI2015_2219","K02407","fliD","flagellar hook-associated protein 2","0.0000 ","0.0007","Pseudoalteromonas issachenkonii"
"pia","PI2015_2221","K02406","fliC","flagellin","0.0016","0.0097","Pseudoalteromonas issachenkonii"
"pia","PI2015_2222","K02406","fliC","flagellin","0.0016","0.0097","Pseudoalteromonas issachenkonii"
"pia","PI2015_2223","K02397","flgL","flagellar hook-associated protein 3 FlgL","0.0016","0.0053","Pseudoalteromonas issachenkonii"
"pia","PI2015_2224","K02396","flgK","flagellar hook-associated protein 1 FlgK","0.0000 ","0.0007","Pseudoalteromonas issachenkonii"
"pia","PI2015_2226","K02394","flgI","flagellar P-ring protein precursor FlgI","0.0000 ","0.0007","Pseudoalteromonas issachenkonii"
"pia","PI2015_2227","K02393","flgH","flagellar L-ring protein precursor FlgH","0.0000 ","0.0007","Pseudoalteromonas issachenkonii"
"pia","PI2015_2228","K02392","flgG","flagellar basal-body rod protein FlgG","0.0000 ","0.0007","Pseudoalteromonas issachenkonii"
"pia","PI2015_2229","K02391","flgF","flagellar basal-body rod protein FlgF","0.0000 ","0.0007","Pseudoalteromonas issachenkonii"
"pia","PI2015_2230","K02390","flgE","flagellar hook protein FlgE","0.0000 ","0.0007","Pseudoalteromonas issachenkonii"
"pia","PI2015_2231","K02389","flgD","flagellar basal-body rod modification protein FlgD","0.0000 ","0.0007","Pseudoalteromonas issachenkonii"
"pia","PI2015_2232","K02388","flgC","flagellar basal-body rod protein FlgC","0.0000 ","0.0007","Pseudoalteromonas issachenkonii"
"pia","PI2015_2233","K02387","flgB","flagellar basal-body rod protein FlgB","0.0000 ","0.0007","Pseudoalteromonas issachenkonii"
"pia","PI2015_2234","K00575","cheR","chemotaxis protein methyltransferase CheR","0.0000 ","0.0032","Pseudoalteromonas issachenkonii"
"pia","PI2015_2235","K03415","cheV","two-component system, chemotaxis family, response regulator CheV","0.0000 ","0.0032","Pseudoalteromonas issachenkonii"
"pia","PI2015_2236","K02386","flgA","flagella basal body P-ring formation protein FlgA","0.0018","0.0048","Pseudoalteromonas issachenkonii"
"pia","PI2015_2237","K02398","flgM","negative regulator of flagellin synthesis FlgM","0.0000 ","0.0000 ","Pseudoalteromonas issachenkonii"
"pia","PI2015_2238","K02399","flgN","flagella synthesis protein FlgN","0.0000 ","0.0007","Pseudoalteromonas issachenkonii"
"pia","PI2015_2243","K00382","DLD, lpd, pdhD","dihydrolipoamide dehydrogenase","0.5030","0.4139","Pseudoalteromonas issachenkonii"
"pia","PI2015_2255","K00963","UGP2, galU, galF","UTP--glucose-1-phosphate uridylyltransferase","0.2177","0.2983","Pseudoalteromonas issachenkonii"
"pia","PI2015_2256","K00560","thyA, TYMS","thymidylate synthase","0.7829","0.8126","Pseudoalteromonas issachenkonii"
"pia","PI2015_2259","K08484","PTS-EI.PTSP, ptsP","phosphotransferase system, enzyme I, PtsP","0.0000 ","0.0020","Pseudoalteromonas issachenkonii"
"pia","PI2015_2260","K08311","nudH","putative (di)nucleoside polyphosphate hydrolase","0.0058","0.0317","Pseudoalteromonas issachenkonii"
"pia","PI2015_2261","K03573","mutH","DNA mismatch repair protein MutH","0.0000 ","0.0099","Pseudoalteromonas issachenkonii"
"pia","PI2015_2262","K00472","P4HA","prolyl 4-hydroxylase","0.0000 ","0.0240","Pseudoalteromonas issachenkonii"
"pia","PI2015_2263","K01689","ENO, eno","enolase","0.4306","0.5736","Pseudoalteromonas issachenkonii"
"pia","PI2015_2264","K01937","pyrG, CTPS","CTP synthase","0.7895","0.5413","Pseudoalteromonas issachenkonii"
"pia","PI2015_2265","K04765","mazG","nucleoside triphosphate diphosphatase","0.7341","0.8327","Pseudoalteromonas issachenkonii"
"pia","PI2015_2266","K00951","relA","GTP pyrophosphokinase","0.0198","0.0641","Pseudoalteromonas issachenkonii"
"pia","PI2015_2270","K03474","pdxJ","pyridoxine 5-phosphate synthase","0.2365","0.1560","Pseudoalteromonas issachenkonii"
"pia","PI2015_2271","K03584","recO","DNA repair protein RecO (recombination protein O)","0.0010","0.0357","Pseudoalteromonas issachenkonii"
"pia","PI2015_2274","K03100","lepB, TPP","signal peptidase I","0.3262","0.4509","Pseudoalteromonas issachenkonii"
"pia","PI2015_2280","K00278","nadB","L-aspartate oxidase","0.0858","0.1247","Pseudoalteromonas issachenkonii"
"pia","PI2015_2296","K03406","mcp","methyl-accepting chemotaxis protein","0.0071","0.0042","Pseudoalteromonas issachenkonii"
"pia","PI2015_2297","K01433","purU","formyltetrahydrofolate deformylase","0.0206","0.0571","Pseudoalteromonas issachenkonii"
"pia","PI2015_2300","K01895","ACSS, acs","acetyl-CoA synthetase","0.0111","0.0269","Pseudoalteromonas issachenkonii"
"pia","PI2015_2303","K03553","recA","recombination protein RecA","0.0156","0.0636","Pseudoalteromonas issachenkonii"
"pia","PI2015_2304","K03743","pncC","nicotinamide-nucleotide amidase","0.0000 ","0.1524","Pseudoalteromonas issachenkonii"
"pia","PI2015_2305","K03555","mutS","DNA mismatch repair protein MutS","0.0046","0.0241","Pseudoalteromonas issachenkonii"
"pia","PI2015_2310","K03787","surE","5-nucleotidase","0.0584","0.0906","Pseudoalteromonas issachenkonii"
"pia","PI2015_2312","K01770","ispF","2-C-methyl-D-erythritol 2,4-cyclodiphosphate synthase","0.5916","0.3681","Pseudoalteromonas issachenkonii"
"pia","PI2015_2313","K00991","ispD","2-C-methyl-D-erythritol 4-phosphate cytidylyltransferase","0.5995","0.2651","Pseudoalteromonas issachenkonii"
"pia","PI2015_2325","K09913","K09913","uncharacterized protein","0.0029","0.0089","Pseudoalteromonas issachenkonii"
"pia","PI2015_2326","K00615","E2.2.1.1, tktA, tktB","transketolase","0.4726","0.6145","Pseudoalteromonas issachenkonii"
"pia","PI2015_2327","K00789","metK","S-adenosylmethionine synthetase","0.7119","0.5349","Pseudoalteromonas issachenkonii"
"pia","PI2015_2329","K01934","MTHFS","5-formyltetrahydrofolate cyclo-ligase","0.0190","0.1716","Pseudoalteromonas issachenkonii"
"pia","PI2015_2330","K01807","rpiA","ribose 5-phosphate isomerase A","0.6496","0.7260","Pseudoalteromonas issachenkonii"
"pia","PI2015_2331","K00058","serA, PHGDH","D-3-phosphoglycerate dehydrogenase / 2-oxoglutarate reductase","0.1073","0.1203","Pseudoalteromonas issachenkonii"
"pia","PI2015_2335","K01079","serB, PSPH","phosphoserine phosphatase","0.0631","0.1324","Pseudoalteromonas issachenkonii"
"pia","PI2015_2338","K00275","pdxH, PNPO","pyridoxamine 5-phosphate oxidase","0.1770","0.0889","Pseudoalteromonas issachenkonii"
"pia","PI2015_2339","K01887","RARS, argS","arginyl-tRNA synthetase","0.5800","0.5082","Pseudoalteromonas issachenkonii"
"pia","PI2015_2347","K01951","guaA, GMPS","GMP synthase (glutamine-hydrolysing)","0.4583","0.4623","Pseudoalteromonas issachenkonii"
"pia","PI2015_2348","K00088","IMPDH, guaB","IMP dehydrogenase","0.3003","0.3932","Pseudoalteromonas issachenkonii"
"pia","PI2015_2349","K03601","xseA","exodeoxyribonuclease VII large subunit","0.0000 ","0.0099","Pseudoalteromonas issachenkonii"
"pia","PI2015_2351","K00640","cysE","serine O-acetyltransferase","0.0386","0.0820","Pseudoalteromonas issachenkonii"
"pia","PI2015_2371","K01885","EARS, gltX","glutamyl-tRNA synthetase","0.6626","0.5645","Pseudoalteromonas issachenkonii"
"pia","PI2015_2373","K00931","proB","glutamate 5-kinase","0.0792","0.1238","Pseudoalteromonas issachenkonii"
"pia","PI2015_2385","K07715","glrR, qseF","two-component system, NtrC family, response regulator GlrR","0.0000 ","0.0006","Pseudoalteromonas issachenkonii"
"pia","PI2015_2387","K07711","glrK, qseE","two-component system, NtrC family, sensor histidine kinase GlrK","0.0000 ","0.0009","Pseudoalteromonas issachenkonii"
"pia","PI2015_2396","K07751","pepB","PepB aminopeptidase","0.0616","0.0512","Pseudoalteromonas issachenkonii"
"pia","PI2015_2402","K00970","pcnB","poly(A) polymerase","0.0234","0.1016","Pseudoalteromonas issachenkonii"
"pia","PI2015_2403","K00950","folK","2-amino-4-hydroxy-6-hydroxymethyldihydropteridine diphosphokinase","0.4583","0.4040","Pseudoalteromonas issachenkonii"
"pia","PI2015_2404","K00606","panB","3-methyl-2-oxobutanoate hydroxymethyltransferase","0.1192","0.2722","Pseudoalteromonas issachenkonii"
"pia","PI2015_2405","K01918","panC","pantoate--beta-alanine ligase","0.2338","0.2517","Pseudoalteromonas issachenkonii"
"pia","PI2015_2407","K02040","pstS","phosphate transport system substrate-binding protein","0.0099","0.0481","Pseudoalteromonas issachenkonii"
"pia","PI2015_2408","K07636","phoR","two-component system, OmpR family, phosphate regulon sensor histidine kinase PhoR","0.0120","0.0013","Pseudoalteromonas issachenkonii"
"pia","PI2015_2409","K07657","phoB","two-component system, OmpR family, phosphate regulon response regulator PhoB","0.0064","0.0028","Pseudoalteromonas issachenkonii"
"pia","PI2015_2410","K01624","FBA, fbaA","fructose-bisphosphate aldolase, class II","0.5327","0.3946","Pseudoalteromonas issachenkonii"
"pia","PI2015_2411","K00927","PGK, pgk","phosphoglycerate kinase","0.3906","0.5214","Pseudoalteromonas issachenkonii"
"pia","PI2015_2412","K03472","epd","D-erythrose 4-phosphate dehydrogenase","0.0141","0.2283","Pseudoalteromonas issachenkonii"
"pia","PI2015_2414","K02342","DPO3E, dnaQ","DNA polymerase III subunit epsilon","0.8212","0.6494","Pseudoalteromonas issachenkonii"
"pia","PI2015_2427","K08325","yqhD","NADP-dependent alcohol dehydrogenase","0.0000 ","0.0030","Pseudoalteromonas issachenkonii"
"pia","PI2015_2439","K01908","prpE","propionyl-CoA synthetase","0.0000 ","0.0071","Pseudoalteromonas issachenkonii"
"pia","PI2015_2442","K10680","nemA","N-ethylmaleimide reductase","0.0000 ","0.0000 ","Pseudoalteromonas issachenkonii"
"pia","PI2015_2446","K03782","katG","catalase-peroxidase","0.0071","0.0192","Pseudoalteromonas issachenkonii"
"pia","PI2015_2464","K21469","pbp4b","serine-type D-Ala-D-Ala carboxypeptidase","0.0000 ","0.0063","Pseudoalteromonas issachenkonii"
"pia","PI2015_2468","K05349","bglX","beta-glucosidase","0.0024","0.0063","Pseudoalteromonas issachenkonii"
"pia","PI2015_2472","K04567","KARS, lysS","lysyl-tRNA synthetase, class II","0.4899","0.4350","Pseudoalteromonas issachenkonii"
"pia","PI2015_2474","K07462","recJ","single-stranded-DNA-specific exonuclease","0.0042","0.0324","Pseudoalteromonas issachenkonii"
"pia","PI2015_2484","K00616","E2.2.1.2, talA, talB","transaldolase","0.2499","0.2247","Pseudoalteromonas issachenkonii"
"pia","PI2015_2486","K03648","UNG, UDG","uracil-DNA glycosylase","0.0184","0.0637","Pseudoalteromonas issachenkonii"
"pia","PI2015_2487","K06858","ABC.VB12.S1, btuF","vitamin B12 transport system substrate-binding protein","0.0000 ","0.0127","Pseudoalteromonas issachenkonii"
"pia","PI2015_2488","K19221","cobA, btuR","cob(I)alamin adenosyltransferase","0.0085","0.0355","Pseudoalteromonas issachenkonii"
"pia","PI2015_2489","K02232","cobQ, cbiP","adenosylcobyric acid synthase","0.0016","0.0328","Pseudoalteromonas issachenkonii"
"pia","PI2015_2490","K02015","ABC.FEV.P","iron complex transport system permease protein","0.0184","0.0354","Pseudoalteromonas issachenkonii"
"pia","PI2015_2491","K02013","ABC.FEV.A","iron complex transport system ATP-binding protein","0.0399","0.0544","Pseudoalteromonas issachenkonii"
"pia","PI2015_2498","K03654","recQ","ATP-dependent DNA helicase RecQ","0.0014","0.0359","Pseudoalteromonas issachenkonii"
"pia","PI2015_2507","K00655","plsC","1-acyl-sn-glycerol-3-phosphate acyltransferase","0.7119","0.5099","Pseudoalteromonas issachenkonii"
"pia","PI2015_2512","K03651","cpdA","3,5-cyclic-AMP phosphodiesterase","0.0067","0.0203","Pseudoalteromonas issachenkonii"
"pia","PI2015_2514","K01515","nudF","ADP-ribose pyrophosphatase","0.0000 ","0.0343","Pseudoalteromonas issachenkonii"
"pia","PI2015_2515","K12340","tolC","outer membrane protein","0.0000 ","3.47E-","Pseudoalteromonas issachenkonii"
"pia","PI2015_2516","K02517","lpxL, htrB","Kdo2-lipid IVA lauroyltransferase","0.1623","0.0916","Pseudoalteromonas issachenkonii"
"pia","PI2015_2522","K01920","gshB","glutathione synthase","0.0144","0.0293","Pseudoalteromonas issachenkonii"
"pia","PI2015_2528","K00286","proC","pyrroline-5-carboxylate reductase","0.0526","0.0624","Pseudoalteromonas issachenkonii"
"pia","PI2015_2531","K02428","rdgB","XTP/dITP diphosphohydrolase","0.2749","0.2063","Pseudoalteromonas issachenkonii"
"pia","PI2015_2591","K07787","cusA, silA","Cu(I)/Ag(I) efflux system membrane protein CusA/SilA","0.0000 ","0.0007","Pseudoalteromonas issachenkonii"
"pia","PI2015_2592","K07798","cusB, silB","membrane fusion protein, Cu(I)/Ag(I) efflux system","0.0000 ","0.0011","Pseudoalteromonas issachenkonii"
"pia","PI2015_2606","K00992","murU","MurNAc alpha-1-phosphate uridylyltransferase","0.0098","0.0208","Pseudoalteromonas issachenkonii"
"pia","PI2015_2607","K07102","amgK","anomeric MurNAc/GlcNAc kinase","0.0024","0.0203","Pseudoalteromonas issachenkonii"
"pia","PI2015_2610","K00097","pdxA","4-hydroxythreonine-4-phosphate dehydrogenase","0.2365","0.1560","Pseudoalteromonas issachenkonii"
"pia","PI2015_2613","K01525","apaH","bis(5-nucleosyl)-tetraphosphatase (symmetrical)","0.0000 ","0.0339","Pseudoalteromonas issachenkonii"
"pia","PI2015_2614","K03406","mcp","methyl-accepting chemotaxis protein","0.0071","0.0042","Pseudoalteromonas issachenkonii"
"pia","PI2015_2615","K02913","RP-L33, MRPL33, rpmG","large subunit ribosomal protein L33","0.0687","0.3611","Pseudoalteromonas issachenkonii"
"pia","PI2015_2616","K02902","RP-L28, MRPL28, rpmB","large subunit ribosomal protein L28","0.3164","0.5072","Pseudoalteromonas issachenkonii"
"pia","PI2015_2618","K13038","coaBC, dfp","phosphopantothenoylcysteine decarboxylase / phosphopantothenate--cysteine ligase","0.4153","0.3095","Pseudoalteromonas issachenkonii"
"pia","PI2015_2624","K14645","K14645","serine protease","0.0000 ","0.0004","Pseudoalteromonas issachenkonii"
"pia","PI2015_2628","K00287","folA","dihydrofolate reductase","0.7829","0.7222","Pseudoalteromonas issachenkonii"
"pia","PI2015_2630","K02899","RP-L27, MRPL27, rpmA","large subunit ribosomal protein L27","0.3906","0.5424","Pseudoalteromonas issachenkonii"
"pia","PI2015_2631","K02888","RP-L21, MRPL21, rplU","large subunit ribosomal protein L21","0.3906","0.5424","Pseudoalteromonas issachenkonii"
"pia","PI2015_2632","K02523","ispB","octaprenyl-diphosphate synthase","0.3018","0.2081","Pseudoalteromonas issachenkonii"
"pia","PI2015_2633","K00024","mdh","malate dehydrogenase","0.0657","0.0819","Pseudoalteromonas issachenkonii"
"pia","PI2015_2636","K02010","afuC, fbpC","iron(III) transport system ATP-binding protein","0.0026","0.0068","Pseudoalteromonas issachenkonii"
"pia","PI2015_2637","K02011","afuB, fbpB","iron(III) transport system permease protein","0.0098","0.0095","Pseudoalteromonas issachenkonii"
"pia","PI2015_2638","K02012","afuA, fbpA","iron(III) transport system substrate-binding protein","0.0080","0.0073","Pseudoalteromonas issachenkonii"
"pia","PI2015_2640","K00382","DLD, lpd, pdhD","dihydrolipoamide dehydrogenase","0.5030","0.4139","Pseudoalteromonas issachenkonii"
"pia","PI2015_2641","K00627","DLAT, aceF, pdhC","pyruvate dehydrogenase E2 component (dihydrolipoamide acetyltransferase)","0.0899","0.1582","Pseudoalteromonas issachenkonii"
"pia","PI2015_2642","K00163","aceE","pyruvate dehydrogenase E1 component","0.0071","0.0586","Pseudoalteromonas issachenkonii"
"pia","PI2015_2646","K00767","nadC, QPRT","nicotinate-nucleotide pyrophosphorylase (carboxylating)","0.0445","0.1747","Pseudoalteromonas issachenkonii"
"pia","PI2015_2647","K02650","pilA","type IV pilus assembly protein PilA","0.0000 ","0.0008","Pseudoalteromonas issachenkonii"
"pia","PI2015_2650","K00859","coaE","dephospho-CoA kinase","0.5800","0.5125","Pseudoalteromonas issachenkonii"
"pia","PI2015_2654","K07662","cpxR","two-component system, OmpR family, response regulator CpxR","0.0000 ","0.0027","Pseudoalteromonas issachenkonii"
"pia","PI2015_2655","K07640","cpxA","two-component system, OmpR family, sensor histidine kinase CpxA","0.0000 ","0.0012","Pseudoalteromonas issachenkonii"
"pia","PI2015_2656","K01048","pldB","lysophospholipase","0.0022","0.0366","Pseudoalteromonas issachenkonii"
"pia","PI2015_2659","K00057","gpsA","glycerol-3-phosphate dehydrogenase (NAD(P)+)","0.2265","0.0904","Pseudoalteromonas issachenkonii"
"pia","PI2015_2660","K03071","secB","preprotein translocase subunit SecB","0.0016","0.2412","Pseudoalteromonas issachenkonii"
"pia","PI2015_2663","K15633","gpmI","2,3-bisphosphoglycerate-independent phosphoglycerate mutase","0.4153","0.4448","Pseudoalteromonas issachenkonii"
"pia","PI2015_2667","K03406","mcp","methyl-accepting chemotaxis protein","0.0071","0.0042","Pseudoalteromonas issachenkonii"
"pia","PI2015_2669","K09811","ftsX","cell division transport system permease protein","0.1399","0.0813","Pseudoalteromonas issachenkonii"
"pia","PI2015_2670","K09812","ftsE","cell division transport system ATP-binding protein","0.1086","0.0737","Pseudoalteromonas issachenkonii"
"pia","PI2015_2671","K03110","ftsY","fused signal recognition particle receptor","0.6601","0.5766","Pseudoalteromonas issachenkonii"
"pia","PI2015_2673","K02970","RP-S21, MRPS21, rpsU","small subunit ribosomal protein S21","0.2105","0.4343","Pseudoalteromonas issachenkonii"
"pia","PI2015_2675","K02316","dnaG","DNA primase","0.3877","0.2987","Pseudoalteromonas issachenkonii"
"pia","PI2015_2680","K00602","purH","phosphoribosylaminoimidazolecarboxamide formyltransferase / IMP cyclohydrolase","0.3103","0.3691","Pseudoalteromonas issachenkonii"
"pia","PI2015_2682","K01945","purD","phosphoribosylamine--glycine ligase","0.0268","0.0743","Pseudoalteromonas issachenkonii"
"pia","PI2015_2697","K01826","hpaF, hpcD","5-carboxymethyl-2-hydroxymuconate isomerase","0.0000 ","0.0002","Pseudoalteromonas issachenkonii"
"pia","PI2015_2698","K03406","mcp","methyl-accepting chemotaxis protein","0.0071","0.0042","Pseudoalteromonas issachenkonii"
"pia","PI2015_2707","K01092","E3.1.3.25, IMPA, suhB","myo-inositol-1(or 4)-monophosphatase","0.1110","0.1479","Pseudoalteromonas issachenkonii"
"pia","PI2015_2709","K03074","secF","preprotein translocase subunit SecF","0.2743","0.1805","Pseudoalteromonas issachenkonii"
"pia","PI2015_2710","K03072","secD","preprotein translocase subunit SecD","0.3583","0.2073","Pseudoalteromonas issachenkonii"
"pia","PI2015_2711","K03210","yajC","preprotein translocase subunit YajC","0.1110","0.3272","Pseudoalteromonas issachenkonii"
"pia","PI2015_2720","K02036","pstB","phosphate transport system ATP-binding protein","0.0103","0.0272","Pseudoalteromonas issachenkonii"
"pia","PI2015_2721","K02038","pstA","phosphate transport system permease protein","0.0184","0.0317","Pseudoalteromonas issachenkonii"
"pia","PI2015_2722","K02037","pstC","phosphate transport system permease protein","0.0099","0.0317","Pseudoalteromonas issachenkonii"
"pia","PI2015_2727","K07798","cusB, silB","membrane fusion protein, Cu(I)/Ag(I) efflux system","0.0000 ","0.0011","Pseudoalteromonas issachenkonii"
"pia","PI2015_2751","K00147","proA","glutamate-5-semialdehyde dehydrogenase","0.0429","0.1070","Pseudoalteromonas issachenkonii"
"pia","PI2015_2752","K00931","proB","glutamate 5-kinase","0.0792","0.1238","Pseudoalteromonas issachenkonii"
"pia","PI2015_2754","K21217","motX","sodium-type polar flagellar protein MotX","0.0000 ","0.0078","Pseudoalteromonas issachenkonii"
"pia","PI2015_2755","K01939","purA, ADSS","adenylosuccinate synthase","0.1496","0.2426","Pseudoalteromonas issachenkonii"
"pia","PI2015_2759","K03666","hfq","host factor-I protein","0.0234","0.0506","Pseudoalteromonas issachenkonii"
"pia","PI2015_2761","K03572","mutL","DNA mismatch repair protein MutL","0.0103","0.0318","Pseudoalteromonas issachenkonii"
"pia","PI2015_2762","K01448","E3.5.1.28B, amiA, amiB, amiC","N-acetylmuramoyl-L-alanine amidase","0.0606","0.0578","Pseudoalteromonas issachenkonii"
"pia","PI2015_2764","K01961","accC","acetyl-CoA carboxylase, biotin carboxylase subunit","0.6943","0.5149","Pseudoalteromonas issachenkonii"
"pia","PI2015_2765","K02160","accB, bccP","acetyl-CoA carboxylase biotin carboxyl carrier protein","0.6398","0.6233","Pseudoalteromonas issachenkonii"
"pia","PI2015_2766","K03786","aroQ, qutE","3-dehydroquinate dehydratase II","0.1693","0.1315","Pseudoalteromonas issachenkonii"
"pia","PI2015_2771","K04077","groEL, HSPD1","chaperonin GroEL","0.4440","0.5638","Pseudoalteromonas issachenkonii"
"pia","PI2015_2773","K03406","mcp","methyl-accepting chemotaxis protein","0.0071","0.0042","Pseudoalteromonas issachenkonii"
"pia","PI2015_2775","K00762","pyrE","orotate phosphoribosyltransferase","0.0259","0.1665","Pseudoalteromonas issachenkonii"
"pia","PI2015_2778","K00942","E2.7.4.8, gmk","guanylate kinase","0.8789","0.5063","Pseudoalteromonas issachenkonii"
"pia","PI2015_2779","K03060","rpoZ","DNA-directed RNA polymerase subunit omega","0.7119","0.8249","Pseudoalteromonas issachenkonii"
"pia","PI2015_2780","K01139","spoT","GTP diphosphokinase / guanosine-3,5-bis(diphosphate) 3-diphosphatase","0.0609","0.0641","Pseudoalteromonas issachenkonii"
"pia","PI2015_2783","K01914","asnA","aspartate--ammonia ligase","0.0426","0.0290","Pseudoalteromonas issachenkonii"
"pia","PI2015_2786","K03655","recG","ATP-dependent DNA helicase RecG","0.0000 ","0.0283","Pseudoalteromonas issachenkonii"
"pia","PI2015_2788","K01776","murI","glutamate racemase","0.3599","0.4250","Pseudoalteromonas issachenkonii"
"pia","PI2015_2792","K03673","dsbA","thiol:disulfide interchange protein DsbA","0.0000 ","0.0184","Pseudoalteromonas issachenkonii"
"pia","PI2015_2793","K03673","dsbA","thiol:disulfide interchange protein DsbA","0.0000 ","0.0184","Pseudoalteromonas issachenkonii"
"pia","PI2015_2800","K02462","gspM","general secretion pathway protein M","0.0000 ","0.0005","Pseudoalteromonas issachenkonii"
"pia","PI2015_2801","K02461","gspL","general secretion pathway protein L","0.0024","0.0036","Pseudoalteromonas issachenkonii"
"pia","PI2015_2802","K02460","gspK","general secretion pathway protein K","0.0000 ","0.0005","Pseudoalteromonas issachenkonii"
"pia","PI2015_2803","K02459","gspJ","general secretion pathway protein J","0.0000 ","0.0007","Pseudoalteromonas issachenkonii"
"pia","PI2015_2804","K02458","gspI","general secretion pathway protein I","0.0000 ","0.0007","Pseudoalteromonas issachenkonii"
"pia","PI2015_2805","K02457","gspH","general secretion pathway protein H","0.0029","0.0007","Pseudoalteromonas issachenkonii"
"pia","PI2015_2806","K02456","gspG","general secretion pathway protein G","0.0000 ","0.0007","Pseudoalteromonas issachenkonii"
"pia","PI2015_2807","K02455","gspF","general secretion pathway protein F","0.0000 ","0.0009","Pseudoalteromonas issachenkonii"
"pia","PI2015_2808","K02454","gspE","general secretion pathway protein E","0.0000 ","0.0010","Pseudoalteromonas issachenkonii"
"pia","PI2015_2809","K02453","gspD","general secretion pathway protein D","0.0000 ","0.0005","Pseudoalteromonas issachenkonii"
"pia","PI2015_2810","K02452","gspC","general secretion pathway protein C","0.0000 ","0.0005","Pseudoalteromonas issachenkonii"
"pia","PI2015_2813","K01610","E4.1.1.49, pckA","phosphoenolpyruvate carboxykinase (ATP)","0.0895","0.1205","Pseudoalteromonas issachenkonii"
"pia","PI2015_2814","K02879","RP-L17, MRPL17, rplQ","large subunit ribosomal protein L17","0.4726","0.5803","Pseudoalteromonas issachenkonii"
"pia","PI2015_2815","K03040","rpoA","DNA-directed RNA polymerase subunit alpha","0.9384","0.8488","Pseudoalteromonas issachenkonii"
"pia","PI2015_2816","K02986","RP-S4, rpsD","small subunit ribosomal protein S4","0.7119","0.6883","Pseudoalteromonas issachenkonii"
"pia","PI2015_2817","K02948","RP-S11, MRPS11, rpsK","small subunit ribosomal protein S11","0.7119","0.6883","Pseudoalteromonas issachenkonii"
"pia","PI2015_2819","K03076","secY","preprotein translocase subunit SecY","0.6601","0.6114","Pseudoalteromonas issachenkonii"
"pia","PI2015_2820","K02876","RP-L15, MRPL15, rplO","large subunit ribosomal protein L15","0.5625","0.6211","Pseudoalteromonas issachenkonii"
"pia","PI2015_2821","K02907","RP-L30, MRPL30, rpmD","large subunit ribosomal protein L30","0.3727","0.4868","Pseudoalteromonas issachenkonii"
"pia","PI2015_2822","K02988","RP-S5, MRPS5, rpsE","small subunit ribosomal protein S5","0.7119","0.6883","Pseudoalteromonas issachenkonii"
"pia","PI2015_2823","K02881","RP-L18, MRPL18, rplR","large subunit ribosomal protein L18","0.5625","0.6211","Pseudoalteromonas issachenkonii"
"pia","PI2015_2824","K02933","RP-L6, MRPL6, rplF","large subunit ribosomal protein L6","0.7656","0.7124","Pseudoalteromonas issachenkonii"
"pia","PI2015_2825","K02994","RP-S8, rpsH","small subunit ribosomal protein S8","0.6293","0.6378","Pseudoalteromonas issachenkonii"
"pia","PI2015_2826","K02954","RP-S14, MRPS14, rpsN","small subunit ribosomal protein S14","0.5625","0.6211","Pseudoalteromonas issachenkonii"
"pia","PI2015_2827","K02931","RP-L5, MRPL5, rplE","large subunit ribosomal protein L5","0.7119","0.6883","Pseudoalteromonas issachenkonii"
"pia","PI2015_2828","K02895","RP-L24, MRPL24, rplX","large subunit ribosomal protein L24","0.5800","0.6162","Pseudoalteromonas issachenkonii"
"pia","PI2015_2829","K02874","RP-L14, MRPL14, rplN","large subunit ribosomal protein L14","0.5166","0.6003","Pseudoalteromonas issachenkonii"
"pia","PI2015_2853","K01585","speA","arginine decarboxylase","0.0321","0.0215","Pseudoalteromonas issachenkonii"
"pia","PI2015_2854","K00797","speE, SRM","spermidine synthase","0.0000 ","0.0000 ","Pseudoalteromonas issachenkonii"
"pia","PI2015_2855","K01187","malZ","alpha-glucosidase","0.0285","0.0110","Pseudoalteromonas issachenkonii"
"pia","PI2015_2856","K07638","envZ","two-component system, OmpR family, osmolarity sensor histidine kinase EnvZ","0.0075","0.0013","Pseudoalteromonas issachenkonii"
"pia","PI2015_2857","K07659","ompR","two-component system, OmpR family, phosphate regulon response regulator OmpR","0.0680","0.0028","Pseudoalteromonas issachenkonii"
"pia","PI2015_2864","K02170","bioH","pimeloyl-[acyl-carrier protein] methyl ester esterase","0.1122","0.0697","Pseudoalteromonas issachenkonii"
"pia","PI2015_2871","K03412","cheB","two-component system, chemotaxis family, response regulator CheB","0.0000 ","0.0034","Pseudoalteromonas issachenkonii"
"pia","PI2015_2872","K03411","cheD","chemotaxis protein CheD","0.0000 ","0.0000 ","Pseudoalteromonas issachenkonii"
"pia","PI2015_2873","K00575","cheR","chemotaxis protein methyltransferase CheR","0.0000 ","0.0032","Pseudoalteromonas issachenkonii"
"pia","PI2015_2874","K03406","mcp","methyl-accepting chemotaxis protein","0.0071","0.0042","Pseudoalteromonas issachenkonii"
"pia","PI2015_2875","K03408","cheW","purine-binding chemotaxis protein CheW","0.0270","0.0084","Pseudoalteromonas issachenkonii"
"pia","PI2015_2876","K03407","cheA","two-component system, chemotaxis family, sensor kinase CheA","0.0016","0.0078","Pseudoalteromonas issachenkonii"
"pia","PI2015_2877","K03413","cheY","two-component system, chemotaxis family, response regulator CheY","0.0000 ","0.0036","Pseudoalteromonas issachenkonii"
"pia","PI2015_2880","K02257","COX10","protoheme IX farnesyltransferase","0.0286","0.0140","Pseudoalteromonas issachenkonii"
"pia","PI2015_2881","K02259","COX15","cytochrome c oxidase assembly protein subunit 15","0.0192","0.0252","Pseudoalteromonas issachenkonii"
"pia","PI2015_2885","K02276","coxC","cytochrome c oxidase subunit III","0.0000 ","0.0169","Pseudoalteromonas issachenkonii"
"pia","PI2015_2886","K02258","COX11","cytochrome c oxidase assembly protein subunit 11","0.0000 ","0.0160","Pseudoalteromonas issachenkonii"
"pia","PI2015_2887","K02274","coxA","cytochrome c oxidase subunit I","0.0000 ","0.0160","Pseudoalteromonas issachenkonii"
"pia","PI2015_2888","K02275","coxB","cytochrome c oxidase subunit II","0.0000 ","0.0171","Pseudoalteromonas issachenkonii"
"pia","PI2015_2901","K01704","leuD, IPMI-S","3-isopropylmalate/(R)-2-methylmalate dehydratase small subunit","0.0482","0.0748","Pseudoalteromonas issachenkonii"
"pia","PI2015_2902","K01703","leuC, IPMI-L","3-isopropylmalate/(R)-2-methylmalate dehydratase large subunit","0.0463","0.0763","Pseudoalteromonas issachenkonii"
"pia","PI2015_2903","K00052","leuB, IMDH","3-isopropylmalate dehydrogenase","0.0322","0.0634","Pseudoalteromonas issachenkonii"
"pia","PI2015_2904","K01649","leuA, IMS","2-isopropylmalate synthase","0.0107","0.0293","Pseudoalteromonas issachenkonii"
"pia","PI2015_2906","K00507","SCD, desC","stearoyl-CoA desaturase (Delta-9 desaturase)","0.0141","0.0094","Pseudoalteromonas issachenkonii"
"pia","PI2015_2907","K00322","sthA, udhA","NAD(P) transhydrogenase","0.4649","0.2525","Pseudoalteromonas issachenkonii"
"pia","PI2015_2908","K01599","hemE, UROD","uroporphyrinogen decarboxylase","0.4306","0.2372","Pseudoalteromonas issachenkonii"
"pia","PI2015_2924","K03525","coaX","type III pantothenate kinase","0.4954","0.4088","Pseudoalteromonas issachenkonii"
"pia","PI2015_2925","K03524","birA","BirA family transcriptional regulator, biotin operon repressor / biotin-[acetyl-CoA-carboxylase] ligase","0.5498","0.3672","Pseudoalteromonas issachenkonii"
"pia","PI2015_2926","K00075","murB","UDP-N-acetylmuramate dehydrogenase","0.7026","0.7608","Pseudoalteromonas issachenkonii"
"pia","PI2015_2933","K13566","NIT2","omega-amidase","0.0000 ","0.0412","Pseudoalteromonas issachenkonii"
"pia","PI2015_2935","K08964","mtnB","methylthioribulose-1-phosphate dehydratase","0.0000 ","0.0131","Pseudoalteromonas issachenkonii"
"pia","PI2015_2936","K09880","mtnC, ENOPH1","enolase-phosphatase E1","0.0000 ","0.0519","Pseudoalteromonas issachenkonii"
"pia","PI2015_2937","K08967","mtnD, mtnZ, ADI1","1,2-dihydroxy-3-keto-5-methylthiopentene dioxygenase","0.0000 ","0.0131","Pseudoalteromonas issachenkonii"
"pia","PI2015_2938","K08963","mtnA","methylthioribose-1-phosphate isomerase","0.0000 ","0.0334","Pseudoalteromonas issachenkonii"
"pia","PI2015_2939","K00899","mtnK","5-methylthioribose kinase","0.0000 ","0.0334","Pseudoalteromonas issachenkonii"
"pia","PI2015_2943","K03183","ubiE","demethylmenaquinone methyltransferase / 2-methoxy-6-polyprenyl-1,4-benzoquinol methylase","0.3865","0.2014","Pseudoalteromonas issachenkonii"
"pia","PI2015_2946","K03116","tatA","sec-independent protein translocase protein TatA","0.0206","0.0739","Pseudoalteromonas issachenkonii"
"pia","PI2015_2947","K03117","tatB","sec-independent protein translocase protein TatB","0.0131","0.0739","Pseudoalteromonas issachenkonii"
"pia","PI2015_2948","K03118","tatC","sec-independent protein translocase protein TatC","0.0584","0.1144","Pseudoalteromonas issachenkonii"
"pia","PI2015_2952","K01698","hemB, ALAD","porphobilinogen synthase","0.3579","0.2014","Pseudoalteromonas issachenkonii"
"pia","PI2015_2958","K01028","E2.8.3.5A, scoA","3-oxoacid CoA-transferase subunit A","0.0000 ","0.0009","Pseudoalteromonas issachenkonii"
"pia","PI2015_2959","K00019","E1.1.1.30, bdh","3-hydroxybutyrate dehydrogenase","0.0000 ","0.0294","Pseudoalteromonas issachenkonii"
"pia","PI2015_2960","K00641","metX","homoserine O-acetyltransferase","0.0342","0.0381","Pseudoalteromonas issachenkonii"
"pia","PI2015_2984","K01792","E5.1.3.15","glucose-6-phosphate 1-epimerase","0.2316","0.1624","Pseudoalteromonas issachenkonii"
"pia","PI2015_2996","K01077","E3.1.3.1, phoA, phoB","alkaline phosphatase","0.2007","0.1265","Pseudoalteromonas issachenkonii"
"pia","PI2015_2997","K01077","E3.1.3.1, phoA, phoB","alkaline phosphatase","0.2007","0.1265","Pseudoalteromonas issachenkonii"
"pia","PI2015_2999","K01725","cynS","cyanate lyase","0.0000 ","0.0033","Pseudoalteromonas issachenkonii"
"pia","PI2015_3000","K01673","cynT, can","carbonic anhydrase","0.0399","0.0279","Pseudoalteromonas issachenkonii"
"pia","PI2015_3006","K09823","zur","Fur family transcriptional regulator, zinc uptake regulator","0.0000 ","0.0160","Pseudoalteromonas issachenkonii"
"pia","PI2015_3012","K00820","glmS, GFPT","glucosamine--fructose-6-phosphate aminotransferase (isomerizing)","0.6712","0.7161","Pseudoalteromonas issachenkonii"
"pia","PI2015_3020","K04042","glmU","bifunctional UDP-N-acetylglucosamine pyrophosphorylase / Glucosamine-1-phosphate N-acetyltransferase","0.5073","0.2081","Pseudoalteromonas issachenkonii"
"pia","PI2015_3021","K02114","ATPF1E, atpC","F-type H+-transporting ATPase subunit epsilon","0.0665","0.2761","Pseudoalteromonas issachenkonii"
"pia","PI2015_3022","K02112","ATPF1B, atpD","F-type H+-transporting ATPase subunit beta","0.4028","0.4508","Pseudoalteromonas issachenkonii"
"pia","PI2015_3023","K02115","ATPF1G, atpG","F-type H+-transporting ATPase subunit gamma","0.3262","0.4160","Pseudoalteromonas issachenkonii"
"pia","PI2015_3024","K02111","ATPF1A, atpA","F-type H+-transporting ATPase subunit alpha","0.3635","0.4331","Pseudoalteromonas issachenkonii"
"pia","PI2015_3025","K02113","ATPF1D, atpH","F-type H+-transporting ATPase subunit delta","0.2338","0.3650","Pseudoalteromonas issachenkonii"
"pia","PI2015_3026","K02109","ATPF0B, atpF","F-type H+-transporting ATPase subunit b","0.2660","0.3800","Pseudoalteromonas issachenkonii"
"pia","PI2015_3027","K02110","ATPF0C, atpE","F-type H+-transporting ATPase subunit c","0.2416","0.2823","Pseudoalteromonas issachenkonii"
"pia","PI2015_3028","K02108","ATPF0A, atpB","F-type H+-transporting ATPase subunit a","0.3003","0.3956","Pseudoalteromonas issachenkonii"
"pia","PI2015_3038","K03217","yidC, spoIIIJ, OXA1, ccfA","YidC/Oxa1 family membrane protein insertase","0.5327","0.5418","Pseudoalteromonas issachenkonii"
"pia","PI2015_3055","K00549","metE","5-methyltetrahydropteroyltriglutamate--homocysteine methyltransferase","0.0429","0.1899","Pseudoalteromonas issachenkonii"
"pia","PI2015_3058","K01560","E3.8.1.2","2-haloacid dehalogenase","0.0000 ","0.0388","Pseudoalteromonas issachenkonii"
"pia","PI2015_3060","K13745","ddc","L-2,4-diaminobutyrate decarboxylase","0.0000 ","0.0367","Pseudoalteromonas issachenkonii"
"pia","PI2015_3061","K03897","iucD","lysine N6-hydroxylase","0.0000 ","5.82E-","Pseudoalteromonas issachenkonii"
"pia","PI2015_3068","K00657","speG, SAT","diamine N-acetyltransferase","0.0022","0.0046","Pseudoalteromonas issachenkonii"
"pia","PI2015_3072","K02013","ABC.FEV.A","iron complex transport system ATP-binding protein","0.0399","0.0544","Pseudoalteromonas issachenkonii"
"pia","PI2015_3073","K02015","ABC.FEV.P","iron complex transport system permease protein","0.0184","0.0354","Pseudoalteromonas issachenkonii"
"pia","PI2015_3074","K02016","ABC.FEV.S","iron complex transport system substrate-binding protein","0.0044","0.0127","Pseudoalteromonas issachenkonii"
"pia","PI2015_3079","K00797","speE, SRM","spermidine synthase","0.0000 ","0.0000 ","Pseudoalteromonas issachenkonii"
"pia","PI2015_3107","K01638","aceB, glcB","malate synthase","0.0000 ","0.0000 ","Pseudoalteromonas issachenkonii"
"pia","PI2015_3108","K01637","E4.1.3.1, aceA","isocitrate lyase","0.0000 ","0.0000 ","Pseudoalteromonas issachenkonii"
"pia","PI2015_3111","K01207","nagZ","beta-N-acetylhexosaminidase","0.0013","0.0110","Pseudoalteromonas issachenkonii"
"pia","PI2015_3119","K07645","qseC","two-component system, OmpR family, sensor histidine kinase QseC","0.0000 ","0.0009","Pseudoalteromonas issachenkonii"
"pia","PI2015_3126","K00876","udk, UCK","uridine kinase","0.0152","0.0293","Pseudoalteromonas issachenkonii"
"pia","PI2015_3127","K01839","deoB","phosphopentomutase","0.0018","0.0086","Pseudoalteromonas issachenkonii"
"pia","PI2015_3128","K03784","deoD","purine-nucleoside phosphorylase","0.0402","0.0637","Pseudoalteromonas issachenkonii"
"pia","PI2015_3133","K03782","katG","catalase-peroxidase","0.0071","0.0192","Pseudoalteromonas issachenkonii"
"pia","PI2015_3149","K04487","iscS, NFS1","cysteine desulfurase","0.4010","0.3030","Pseudoalteromonas issachenkonii"
"pia","PI2015_3155","K01129","dgt","dGTPase","0.0000 ","0.0331","Pseudoalteromonas issachenkonii"
"pia","PI2015_3160","K01772","hemH, FECH","protoporphyrin/coproporphyrin ferrochelatase","0.4153","0.2412","Pseudoalteromonas issachenkonii"
"pia","PI2015_3169","K03735","eutB","ethanolamine ammonia-lyase large subunit","0.0026","0.0536","Pseudoalteromonas issachenkonii"
"pia","PI2015_3170","K03736","eutC","ethanolamine ammonia-lyase small subunit","0.0026","0.0536","Pseudoalteromonas issachenkonii"
"pia","PI2015_3174","K12373","HEXA_B","hexosaminidase","0.0031","0.0048","Pseudoalteromonas issachenkonii"
"pia","PI2015_3175","K18676","gspK","glucosamine kinase","0.0000 ","0.0172","Pseudoalteromonas issachenkonii"
"pia","PI2015_3176","K00820","glmS, GFPT","glucosamine--fructose-6-phosphate aminotransferase (isomerizing)","0.6712","0.7161","Pseudoalteromonas issachenkonii"
"pia","PI2015_3177","K01443","nagA, AMDHD2","N-acetylglucosamine-6-phosphate deacetylase","0.0053","0.0294","Pseudoalteromonas issachenkonii"
"pia","PI2015_3180","K03885","ndh","NADH dehydrogenase","0.0014","0.0187","Pseudoalteromonas issachenkonii"
"pia","PI2015_3181","K03654","recQ","ATP-dependent DNA helicase RecQ","0.0014","0.0359","Pseudoalteromonas issachenkonii"
"pia","PI2015_3189","K07667","kdpE","two-component system, OmpR family, KDP operon response regulator KdpE","0.0000 ","0.0024","Pseudoalteromonas issachenkonii"
"pia","PI2015_3200","K05577","ndhF","NAD(P)H-quinone oxidoreductase subunit 5","0.0000 ","0.0299","Pseudoalteromonas issachenkonii"
"pia","PI2015_3211","K01892","HARS, hisS","histidyl-tRNA synthetase","0.6103","0.5347","Pseudoalteromonas issachenkonii"
"pia","PI2015_3212","K03526","gcpE, ispG","(E)-4-hydroxy-3-methylbut-2-enyl-diphosphate synthase","0.6310","0.4182","Pseudoalteromonas issachenkonii"
"pia","PI2015_3216","K00940","ndk, NME","nucleoside-diphosphate kinase","0.7341","0.8327","Pseudoalteromonas issachenkonii"
"pia","PI2015_3217","K03406","mcp","methyl-accepting chemotaxis protein","0.0071","0.0042","Pseudoalteromonas issachenkonii"
"pia","PI2015_3224","K00425","cydA","cytochrome d ubiquinol oxidase subunit I","0.0184","0.0390","Pseudoalteromonas issachenkonii"
"pia","PI2015_3225","K00426","cydB","cytochrome d ubiquinol oxidase subunit II","0.0046","0.0231","Pseudoalteromonas issachenkonii"
"pia","PI2015_3226","K16013","cydD","ATP-binding cassette, subfamily C, bacterial CydD","0.0018","0.0093","Pseudoalteromonas issachenkonii"
"pia","PI2015_3227","K16012","cydC","ATP-binding cassette, subfamily C, bacterial CydC","0.0302","0.0240","Pseudoalteromonas issachenkonii"
"pia","PI2015_3234","K17218","sqr","sulfide:quinone oxidoreductase","0.0000 ","0.0087","Pseudoalteromonas issachenkonii"
"pia","PI2015_3240","K03413","cheY","two-component system, chemotaxis family, response regulator CheY","0.0000 ","0.0036","Pseudoalteromonas issachenkonii"
"pia","PI2015_3243","K01484","astB","succinylarginine dihydrolase","0.0021","0.0073","Pseudoalteromonas issachenkonii"
"pia","PI2015_3249","K00134","GAPDH, gapA","glyceraldehyde 3-phosphate dehydrogenase","0.5166","0.5281","Pseudoalteromonas issachenkonii"
"pia","PI2015_3251","K03406","mcp","methyl-accepting chemotaxis protein","0.0071","0.0042","Pseudoalteromonas issachenkonii"
"pia","PI2015_3259","K11906","vasD, lip","type VI secretion system protein VasD","0.0000 ","0.0001","Pseudoalteromonas issachenkonii"
"pia","PI2015_3261","K11892","impK, ompA, vasF, dotU","type VI secretion system protein ImpK","0.0000 ","0.0001","Pseudoalteromonas issachenkonii"
"pia","PI2015_3262","K11891","impL, vasK, icmF","type VI secretion system protein ImpL","0.0000 ","0.0000 ","Pseudoalteromonas issachenkonii"
"pia","PI2015_3273","K11907","vasG, clpV","type VI secretion system protein VasG","0.0000 ","0.0038","Pseudoalteromonas issachenkonii"
"pia","PI2015_3274","K11903","hcp","type VI secretion system secreted protein Hcp","0.0000 ","0.0000 ","Pseudoalteromonas issachenkonii"
"pia","PI2015_3275","K11904","vgrG","type VI secretion system secreted protein VgrG","0.0000 ","0.0001","Pseudoalteromonas issachenkonii"
"pia","PI2015_3298","K01194","TREH, treA, treF","alpha,alpha-trehalase","0.0286","0.0124","Pseudoalteromonas issachenkonii"
"pia","PI2015_3307","K01183","E3.2.1.14","chitinase","0.0000 ","0.0172","Pseudoalteromonas issachenkonii"
"pia","PI2015_3314","K00847","E2.7.1.4, scrK","fructokinase","0.0013","0.0090","Pseudoalteromonas issachenkonii"
"pia","PI2015_3317","K00690","E2.4.1.7","sucrose phosphorylase","0.0000 ","0.0080","Pseudoalteromonas issachenkonii"
"pia","PI2015_3320","K00138","aldB","aldehyde dehydrogenase","0.0016","0.0092","Pseudoalteromonas issachenkonii"
"pia","PI2015_3344","K03701","uvrA","excinuclease ABC subunit A","0.0009","0.0194","Pseudoalteromonas issachenkonii"
"pia","PI2015_3357","K22230","N/A","","N/A","N/A","Pseudoalteromonas issachenkonii"
"pia","PI2015_3375","K03406","mcp","methyl-accepting chemotaxis protein","0.0071","0.0042","Pseudoalteromonas issachenkonii"
"pia","PI2015_3379","K03406","mcp","methyl-accepting chemotaxis protein","0.0071","0.0042","Pseudoalteromonas issachenkonii"
"pia","PI2015_3385","K03594","bfr","bacterioferritin","0.0000 ","0.0280","Pseudoalteromonas issachenkonii"
"pia","PI2015_3386","K03594","bfr","bacterioferritin","0.0000 ","0.0280","Pseudoalteromonas issachenkonii"
"pia","PI2015_3389","K13529","ada-alkA","AraC family transcriptional regulator, regulatory protein of adaptative response / DNA-3-methyladenine glycosylase II","0.0000 ","0.0035","Pseudoalteromonas issachenkonii"
"pia","PI2015_3391","K00857","tdk, TK","thymidine kinase","0.0402","0.0518","Pseudoalteromonas issachenkonii"
"pia","PI2015_3392","K01620","ltaE","threonine aldolase","0.0257","0.0666","Pseudoalteromonas issachenkonii"
"pia","PI2015_3398","K01255","CARP, pepA","leucyl aminopeptidase","0.0277","0.0512","Pseudoalteromonas issachenkonii"
"pia","PI2015_3400","K00648","fabH","3-oxoacyl-[acyl-carrier-protein] synthase III","0.7190","0.3716","Pseudoalteromonas issachenkonii"
"pia","PI2015_3401","K15011","regB, regS, actS","two-component system, sensor histidine kinase RegB","0.0000 ","0.0013","Pseudoalteromonas issachenkonii"
"pia","PI2015_3402","K15012","regA, regR, actR","two-component system, response regulator RegA","0.0000 ","0.0007","Pseudoalteromonas issachenkonii"
"pia","PI2015_3411","K01595","ppc","phosphoenolpyruvate carboxylase","0.0895","0.1205","Pseudoalteromonas issachenkonii"
"pia","PI2015_3412","K01489","cdd, CDA","cytidine deaminase","0.0223","0.0483","Pseudoalteromonas issachenkonii"
"pia","PI2015_3413","K00757","udp, UPP","uridine phosphorylase","0.0022","0.0267","Pseudoalteromonas issachenkonii"
"pia","PI2015_3414","K01480","speB","agmatinase","0.0031","0.0043","Pseudoalteromonas issachenkonii"
"pia","PI2015_3417","K03585","acrA, mexA, adeI, smeD, mtrC, cmeA","membrane fusion protein, multidrug efflux system","0.0015","0.0094","Pseudoalteromonas issachenkonii"
"pia","PI2015_3418","K18138","acrB, mexB, adeJ, smeE, mtrD, cmeB","multidrug efflux pump","0.0058","0.0098","Pseudoalteromonas issachenkonii"
"pia","PI2015_3419","K18139","oprM, emhC, ttgC, cusC, adeK, smeF, mtrE, cmeC, gesC","outer membrane protein, multidrug efflux system","0.0000 ","3.47E-","Pseudoalteromonas issachenkonii"
"pia","PI2015_3426","K00451","HGD, hmgA","homogentisate 1,2-dioxygenase","0.0000 ","0.0000 ","Pseudoalteromonas issachenkonii"
"pia","PI2015_3433","K11751","ushA","5-nucleotidase / UDP-sugar diphosphatase","0.1048","0.0548","Pseudoalteromonas issachenkonii"
"pia","PI2015_3445","K04043","dnaK","molecular chaperone DnaK","0.3525","0.3257","Pseudoalteromonas issachenkonii"
"pia","PI2015_3448","K03413","cheY","two-component system, chemotaxis family, response regulator CheY","0.0000 ","0.0036","Pseudoalteromonas issachenkonii"
"pia","PI2015_3451","K10125","dctB","two-component system, NtrC family, C4-dicarboxylate transport sensor histidine kinase DctB","0.0000 ","0.0007","Pseudoalteromonas issachenkonii"
"pia","PI2015_3452","K10126","dctD","two-component system, NtrC family, C4-dicarboxylate transport response regulator DctD","0.0000 ","0.0011","Pseudoalteromonas issachenkonii"
"pia","PI2015_3475","K00761","upp, UPRT","uracil phosphoribosyltransferase","0.0177","0.1551","Pseudoalteromonas issachenkonii"
"pia","PI2015_3477","K15918","GLYK","D-glycerate 3-kinase","0.0000 ","0.0000 ","Pseudoalteromonas issachenkonii"
"pia","PI2015_3479","K00690","E2.4.1.7","sucrose phosphorylase","0.0000 ","0.0080","Pseudoalteromonas issachenkonii"
"pia","PI2015_3484","K02909","RP-L31, rpmE","large subunit ribosomal protein L31","0.1218","0.4008","Pseudoalteromonas issachenkonii"
"pia","PI2015_3496","K01714","dapA","4-hydroxy-tetrahydrodipicolinate synthase","0.4899","0.3442","Pseudoalteromonas issachenkonii"
"pia","PI2015_3500","K01426","E3.5.1.4, amiE","amidase","0.0000 ","0.0465","Pseudoalteromonas issachenkonii"
"pia","PI2015_3506","K00108","betA, CHDH","choline dehydrogenase","0.0000 ","0.0107","Pseudoalteromonas issachenkonii"
"pia","PI2015_3507","K00130","betB, gbsA","betaine-aldehyde dehydrogenase","0.0000 ","0.0043","Pseudoalteromonas issachenkonii"
"pia","PI2015_3513","K06447","astD","succinylglutamic semialdehyde dehydrogenase","0.0000 ","0.0078","Pseudoalteromonas issachenkonii"
"pia","PI2015_3514","K00673","astA","arginine N-succinyltransferase","0.0021","0.0073","Pseudoalteromonas issachenkonii"
"pia","PI2015_3515","K00821","argD","acetylornithine/N-succinyldiaminopimelate aminotransferase","0.2629","0.0658","Pseudoalteromonas issachenkonii"
"pia","PI2015_3521","K00705","malQ","4-alpha-glucanotransferase","0.0144","0.0200","Pseudoalteromonas issachenkonii"
"pia","PI2015_3522","K00700","GBE1, glgB","1,4-alpha-glucan branching enzyme","0.0137","0.0162","Pseudoalteromonas issachenkonii"
"pia","PI2015_3523","K01214","ISA, treX","isoamylase","0.0106","0.0117","Pseudoalteromonas issachenkonii"
"pia","PI2015_3524","K00688","PYG, glgP","glycogen phosphorylase","0.0137","0.0350","Pseudoalteromonas issachenkonii"
"pia","PI2015_3525","K00975","glgC","glucose-1-phosphate adenylyltransferase","0.0018","0.0077","Pseudoalteromonas issachenkonii"
"pia","PI2015_3526","K00703","glgA","starch synthase","0.0067","0.0092","Pseudoalteromonas issachenkonii"
"pia","PI2015_3551","K01653","E2.2.1.6S, ilvH, ilvN","acetolactate synthase I/III small subunit","0.0190","0.0562","Pseudoalteromonas issachenkonii"
"pia","PI2015_3552","K01652","E2.2.1.6L, ilvB, ilvG, ilvI","acetolactate synthase I/II/III large subunit","0.0184","0.0311","Pseudoalteromonas issachenkonii"
"pia","PI2015_3553","K00030","IDH3","isocitrate dehydrogenase (NAD+)","0.2159","0.0789","Pseudoalteromonas issachenkonii"
"pia","PI2015_3557","K06966","K06966","uncharacterized protein","0.0012","0.0125","Pseudoalteromonas issachenkonii"
"pia","PI2015_3567","K01740","metY","O-acetylhomoserine (thiol)-lyase","0.1142","0.0577","Pseudoalteromonas issachenkonii"
"pia","PI2015_3571","K11755","hisIE","phosphoribosyl-ATP pyrophosphohydrolase / phosphoribosyl-AMP cyclohydrolase","0.0609","0.0692","Pseudoalteromonas issachenkonii"
"pia","PI2015_3572","K02500","hisF","cyclase","0.0606","0.0888","Pseudoalteromonas issachenkonii"
"pia","PI2015_3576","K03781","katE, CAT, catB, srpA","catalase","0.0000 ","0.0000 ","Pseudoalteromonas issachenkonii"
"pia","PI2015_3578","K01814","hisA","phosphoribosylformimino-5-aminoimidazole carboxamide ribotide isomerase","0.0445","0.0799","Pseudoalteromonas issachenkonii"
"pia","PI2015_3579","K02501","hisH","glutamine amidotransferase","0.0606","0.0888","Pseudoalteromonas issachenkonii"
"pia","PI2015_3580","K01089","hisB","imidazoleglycerol-phosphate dehydratase / histidinol-phosphatase","0.0680","0.0662","Pseudoalteromonas issachenkonii"
"pia","PI2015_3581","K00817","hisC","histidinol-phosphate aminotransferase","0.1003","0.1197","Pseudoalteromonas issachenkonii"
"pia","PI2015_3584","K00765","hisG","ATP phosphoribosyltransferase","0.0606","0.0888","Pseudoalteromonas issachenkonii"
"pia","PI2015_3592","K01077","E3.1.3.1, phoA, phoB","alkaline phosphatase","0.2007","0.1265","Pseudoalteromonas issachenkonii"
"pia","PI2015_3594","K01897","ACSL, fadD","long-chain acyl-CoA synthetase","0.0000 ","0.0000 ","Pseudoalteromonas issachenkonii"
"pia","PI2015_3602","K13953","adhP","alcohol dehydrogenase, propanol-preferring","0.0180","0.0178","Pseudoalteromonas issachenkonii"
"pia","PI2015_3609","K03406","mcp","methyl-accepting chemotaxis protein","0.0071","0.0042","Pseudoalteromonas issachenkonii"
"pia","PI2015_3620","K00133","asd","aspartate-semialdehyde dehydrogenase","0.4295","0.3677","Pseudoalteromonas issachenkonii"
"pia","PI2015_3623","K03406","mcp","methyl-accepting chemotaxis protein","0.0071","0.0042","Pseudoalteromonas issachenkonii"
"pia","PI2015_3645","K01007","pps, ppsA","pyruvate, water dikinase","0.4013","0.4084","Pseudoalteromonas issachenkonii"
"pia","PI2015_3647","K01626","E2.5.1.54, aroF, aroG, aroH","3-deoxy-7-phosphoheptulonate synthase","0.0606","0.0964","Pseudoalteromonas issachenkonii"
"pia","PI2015_R001","K01977","16SrRNA, rrs","16S ribosomal RNA","0.0000 ","0.3104","Pseudoalteromonas issachenkonii"
"pia","PI2015_R002","K14227","tRNA-Ile","tRNA Ile","0.0000 ","0.2024","Pseudoalteromonas issachenkonii"
"pia","PI2015_R003","K14218","tRNA-Ala","tRNA Ala","0.0060","0.2024","Pseudoalteromonas issachenkonii"
"pia","PI2015_R004","K01980","23SrRNA, rrl","23S ribosomal RNA","0.0000 ","0.3104","Pseudoalteromonas issachenkonii"
"pia","PI2015_R005","K01985","5SrRNA, rrf","5S ribosomal RNA","0.0060","0.3104","Pseudoalteromonas issachenkonii"
"pia","PI2015_R006","K14233","tRNA-Ser","tRNA Ser","0.0000 ","0.2024","Pseudoalteromonas issachenkonii"
"pia","PI2015_R007","K14233","tRNA-Ser","tRNA Ser","0.0000 ","0.2024","Pseudoalteromonas issachenkonii"
"pia","PI2015_R008","K01977","16SrRNA, rrs","16S ribosomal RNA","0.0000 ","0.3104","Pseudoalteromonas issachenkonii"
"pia","PI2015_R009","K01980","23SrRNA, rrl","23S ribosomal RNA","0.0000 ","0.3104","Pseudoalteromonas issachenkonii"
"pia","PI2015_R010","K01985","5SrRNA, rrf","5S ribosomal RNA","0.0060","0.3104","Pseudoalteromonas issachenkonii"
"pia","PI2015_R011","K14230","tRNA-Met","tRNA Met","0.0000 ","0.2024","Pseudoalteromonas issachenkonii"
"pia","PI2015_R012","K14230","tRNA-Met","tRNA Met","0.0000 ","0.2024","Pseudoalteromonas issachenkonii"
"pia","PI2015_R013","K14230","tRNA-Met","tRNA Met","0.0000 ","0.2024","Pseudoalteromonas issachenkonii"
"pia","PI2015_R015","K14235","tRNA-Trp","tRNA Trp","0.0060","0.2024","Pseudoalteromonas issachenkonii"
"pia","PI2015_R016","K14225","tRNA-Gly","tRNA Gly","0.0000 ","0.2024","Pseudoalteromonas issachenkonii"
"pia","PI2015_R017","K14225","tRNA-Gly","tRNA Gly","0.0000 ","0.2024","Pseudoalteromonas issachenkonii"
"pia","PI2015_R018","K14225","tRNA-Gly","tRNA Gly","0.0000 ","0.2024","Pseudoalteromonas issachenkonii"
"pia","PI2015_R019","K14226","tRNA-His","tRNA His","0.0000 ","0.2024","Pseudoalteromonas issachenkonii"
"pia","PI2015_R021","K14228","tRNA-Leu","tRNA Leu","0.0060","0.2024","Pseudoalteromonas issachenkonii"
"pia","PI2015_R022","K14231","tRNA-Phe","tRNA Phe","0.0000 ","0.2024","Pseudoalteromonas issachenkonii"
"pia","PI2015_R023","K14234","tRNA-Thr","tRNA Thr","0.0060","0.2024","Pseudoalteromonas issachenkonii"
"pia","PI2015_R024","K14231","tRNA-Phe","tRNA Phe","0.0000 ","0.2024","Pseudoalteromonas issachenkonii"
"pia","PI2015_R025","K14234","tRNA-Thr","tRNA Thr","0.0060","0.2024","Pseudoalteromonas issachenkonii"
"pia","PI2015_R026","K14231","tRNA-Phe","tRNA Phe","0.0000 ","0.2024","Pseudoalteromonas issachenkonii"
"pia","PI2015_R028","K14219","tRNA-Arg","tRNA Arg","0.0000 ","0.2024","Pseudoalteromonas issachenkonii"
"pia","PI2015_R029","K14228","tRNA-Leu","tRNA Leu","0.0060","0.2024","Pseudoalteromonas issachenkonii"
"pia","PI2015_R030","K01977","16SrRNA, rrs","16S ribosomal RNA","0.0000 ","0.3104","Pseudoalteromonas issachenkonii"
"pia","PI2015_R031","K01980","23SrRNA, rrl","23S ribosomal RNA","0.0000 ","0.3104","Pseudoalteromonas issachenkonii"
"pia","PI2015_R032","K01985","5SrRNA, rrf","5S ribosomal RNA","0.0060","0.3104","Pseudoalteromonas issachenkonii"
"pia","PI2015_R033","K01985","5SrRNA, rrf","5S ribosomal RNA","0.0060","0.3104","Pseudoalteromonas issachenkonii"
"pia","PI2015_R034","K14230","tRNA-Met","tRNA Met","0.0000 ","0.2024","Pseudoalteromonas issachenkonii"
"pia","PI2015_R036","K14221","tRNA-Asp","tRNA Asp","0.0000 ","0.2024","Pseudoalteromonas issachenkonii"
"pia","PI2015_R037","K14221","tRNA-Asp","tRNA Asp","0.0000 ","0.2024","Pseudoalteromonas issachenkonii"
"pia","PI2015_R038","K14221","tRNA-Asp","tRNA Asp","0.0000 ","0.2024","Pseudoalteromonas issachenkonii"
"pia","PI2015_R039","K14221","tRNA-Asp","tRNA Asp","0.0000 ","0.2024","Pseudoalteromonas issachenkonii"
"pia","PI2015_R040","K14221","tRNA-Asp","tRNA Asp","0.0000 ","0.2024","Pseudoalteromonas issachenkonii"
"pia","PI2015_R041","K14221","tRNA-Asp","tRNA Asp","0.0000 ","0.2024","Pseudoalteromonas issachenkonii"
"pia","PI2015_R042","K14221","tRNA-Asp","tRNA Asp","0.0000 ","0.2024","Pseudoalteromonas issachenkonii"
"pia","PI2015_R043","K14225","tRNA-Gly","tRNA Gly","0.0000 ","0.2024","Pseudoalteromonas issachenkonii"
"pia","PI2015_R044","K14222","tRNA-Cys","tRNA Cys","0.0000 ","0.2024","Pseudoalteromonas issachenkonii"
"pia","PI2015_R045","K14228","tRNA-Leu","tRNA Leu","0.0060","0.2024","Pseudoalteromonas issachenkonii"
"pia","PI2015_R046","K14225","tRNA-Gly","tRNA Gly","0.0000 ","0.2024","Pseudoalteromonas issachenkonii"
"pia","PI2015_R047","K14228","tRNA-Leu","tRNA Leu","0.0060","0.2024","Pseudoalteromonas issachenkonii"
"pia","PI2015_R048","K14225","tRNA-Gly","tRNA Gly","0.0000 ","0.2024","Pseudoalteromonas issachenkonii"
"pia","PI2015_R049","K14222","tRNA-Cys","tRNA Cys","0.0000 ","0.2024","Pseudoalteromonas issachenkonii"
"pia","PI2015_R050","K14228","tRNA-Leu","tRNA Leu","0.0060","0.2024","Pseudoalteromonas issachenkonii"
"pia","PI2015_R051","K01977","16SrRNA, rrs","16S ribosomal RNA","0.0000 ","0.3104","Pseudoalteromonas issachenkonii"
"pia","PI2015_R052","K01980","23SrRNA, rrl","23S ribosomal RNA","0.0000 ","0.3104","Pseudoalteromonas issachenkonii"
"pia","PI2015_R053","K01985","5SrRNA, rrf","5S ribosomal RNA","0.0060","0.3104","Pseudoalteromonas issachenkonii"
"pia","PI2015_R054","K14232","tRNA-Pro","tRNA Pro","0.0000 ","0.2024","Pseudoalteromonas issachenkonii"
"pia","PI2015_R055","K14229","tRNA-Lys","tRNA Lys","0.0060","0.2024","Pseudoalteromonas issachenkonii"
"pia","PI2015_R056","K14229","tRNA-Lys","tRNA Lys","0.0060","0.2024","Pseudoalteromonas issachenkonii"
"pia","PI2015_R057","K14229","tRNA-Lys","tRNA Lys","0.0060","0.2024","Pseudoalteromonas issachenkonii"
"pia","PI2015_R058","K14229","tRNA-Lys","tRNA Lys","0.0060","0.2024","Pseudoalteromonas issachenkonii"
"pia","PI2015_R059","K14229","tRNA-Lys","tRNA Lys","0.0060","0.2024","Pseudoalteromonas issachenkonii"
"pia","PI2015_R060","K14229","tRNA-Lys","tRNA Lys","0.0060","0.2024","Pseudoalteromonas issachenkonii"
"pia","PI2015_R061","K14229","tRNA-Lys","tRNA Lys","0.0060","0.2024","Pseudoalteromonas issachenkonii"
"pia","PI2015_R062","K14233","tRNA-Ser","tRNA Ser","0.0000 ","0.2024","Pseudoalteromonas issachenkonii"
"pia","PI2015_R063","K14237","tRNA-Val","tRNA Val","0.0060","0.2024","Pseudoalteromonas issachenkonii"
"pia","PI2015_R064","K14237","tRNA-Val","tRNA Val","0.0060","0.2024","Pseudoalteromonas issachenkonii"
"pia","PI2015_R065","K14233","tRNA-Ser","tRNA Ser","0.0000 ","0.2024","Pseudoalteromonas issachenkonii"
"pia","PI2015_R066","K14233","tRNA-Ser","tRNA Ser","0.0000 ","0.2024","Pseudoalteromonas issachenkonii"
"pia","PI2015_R067","K14233","tRNA-Ser","tRNA Ser","0.0000 ","0.2024","Pseudoalteromonas issachenkonii"
"pia","PI2015_R070","K14236","tRNA-Tyr","tRNA Tyr","0.0000 ","0.2024","Pseudoalteromonas issachenkonii"
"pia","PI2015_R071","K14236","tRNA-Tyr","tRNA Tyr","0.0000 ","0.2024","Pseudoalteromonas issachenkonii"
"pia","PI2015_R072","K14220","tRNA-Asn","tRNA Asn","0.0000 ","0.2024","Pseudoalteromonas issachenkonii"
"pia","PI2015_R073","K14220","tRNA-Asn","tRNA Asn","0.0000 ","0.2024","Pseudoalteromonas issachenkonii"
"pia","PI2015_R074","K14220","tRNA-Asn","tRNA Asn","0.0000 ","0.2024","Pseudoalteromonas issachenkonii"
"pia","PI2015_R075","K14220","tRNA-Asn","tRNA Asn","0.0000 ","0.2024","Pseudoalteromonas issachenkonii"
"pia","PI2015_R077","K14224","tRNA-Glu","tRNA Glu","0.0000 ","0.2024","Pseudoalteromonas issachenkonii"
"pia","PI2015_R078","K14224","tRNA-Glu","tRNA Glu","0.0000 ","0.2024","Pseudoalteromonas issachenkonii"
"pia","PI2015_R079","K14224","tRNA-Glu","tRNA Glu","0.0000 ","0.2024","Pseudoalteromonas issachenkonii"
"pia","PI2015_R080","K14224","tRNA-Glu","tRNA Glu","0.0000 ","0.2024","Pseudoalteromonas issachenkonii"
"pia","PI2015_R081","K14224","tRNA-Glu","tRNA Glu","0.0000 ","0.2024","Pseudoalteromonas issachenkonii"
"pia","PI2015_R082","K14224","tRNA-Glu","tRNA Glu","0.0000 ","0.2024","Pseudoalteromonas issachenkonii"
"pia","PI2015_R083","K14224","tRNA-Glu","tRNA Glu","0.0000 ","0.2024","Pseudoalteromonas issachenkonii"
"pia","PI2015_R084","K14224","tRNA-Glu","tRNA Glu","0.0000 ","0.2024","Pseudoalteromonas issachenkonii"
"pia","PI2015_R085","K14218","tRNA-Ala","tRNA Ala","0.0060","0.2024","Pseudoalteromonas issachenkonii"
"pia","PI2015_R086","K14237","tRNA-Val","tRNA Val","0.0060","0.2024","Pseudoalteromonas issachenkonii"
"pia","PI2015_R087","K14237","tRNA-Val","tRNA Val","0.0060","0.2024","Pseudoalteromonas issachenkonii"
"pia","PI2015_R088","K14237","tRNA-Val","tRNA Val","0.0060","0.2024","Pseudoalteromonas issachenkonii"
"pia","PI2015_R089","K14237","tRNA-Val","tRNA Val","0.0060","0.2024","Pseudoalteromonas issachenkonii"
"pia","PI2015_R090","K14237","tRNA-Val","tRNA Val","0.0060","0.2024","Pseudoalteromonas issachenkonii"
"pia","PI2015_R091","K14237","tRNA-Val","tRNA Val","0.0060","0.2024","Pseudoalteromonas issachenkonii"
"pia","PI2015_R092","K14237","tRNA-Val","tRNA Val","0.0060","0.2024","Pseudoalteromonas issachenkonii"
"pia","PI2015_R093","K14230","tRNA-Met","tRNA Met","0.0000 ","0.2024","Pseudoalteromonas issachenkonii"
"pia","PI2015_R094","K14228","tRNA-Leu","tRNA Leu","0.0060","0.2024","Pseudoalteromonas issachenkonii"
"pia","PI2015_R095","K14223","tRNA-Gln","tRNA Gln","0.0000 ","0.2024","Pseudoalteromonas issachenkonii"
"pia","PI2015_R096","K14230","tRNA-Met","tRNA Met","0.0000 ","0.2024","Pseudoalteromonas issachenkonii"
"pia","PI2015_R097","K14228","tRNA-Leu","tRNA Leu","0.0060","0.2024","Pseudoalteromonas issachenkonii"
"pia","PI2015_R098","K14223","tRNA-Gln","tRNA Gln","0.0000 ","0.2024","Pseudoalteromonas issachenkonii"
"pia","PI2015_R099","K14228","tRNA-Leu","tRNA Leu","0.0060","0.2024","Pseudoalteromonas issachenkonii"
"pia","PI2015_R100","K14223","tRNA-Gln","tRNA Gln","0.0000 ","0.2024","Pseudoalteromonas issachenkonii"
"pia","PI2015_R101","K14228","tRNA-Leu","tRNA Leu","0.0060","0.2024","Pseudoalteromonas issachenkonii"
"pia","PI2015_R102","K14223","tRNA-Gln","tRNA Gln","0.0000 ","0.2024","Pseudoalteromonas issachenkonii"
"pia","PI2015_R103","K14232","tRNA-Pro","tRNA Pro","0.0000 ","0.2024","Pseudoalteromonas issachenkonii"
"pia","PI2015_R104","K14232","tRNA-Pro","tRNA Pro","0.0000 ","0.2024","Pseudoalteromonas issachenkonii"
"pia","PI2015_R105","K14226","tRNA-His","tRNA His","0.0000 ","0.2024","Pseudoalteromonas issachenkonii"
"pia","PI2015_R106","K14219","tRNA-Arg","tRNA Arg","0.0000 ","0.2024","Pseudoalteromonas issachenkonii"
"pia","PI2015_R107","K14232","tRNA-Pro","tRNA Pro","0.0000 ","0.2024","Pseudoalteromonas issachenkonii"
"pia","PI2015_R109","K14228","tRNA-Leu","tRNA Leu","0.0060","0.2024","Pseudoalteromonas issachenkonii"
"pia","PI2015_R110","K14219","tRNA-Arg","tRNA Arg","0.0000 ","0.2024","Pseudoalteromonas issachenkonii"
"pia","PI2015_R111","K14235","tRNA-Trp","tRNA Trp","0.0060","0.2024","Pseudoalteromonas issachenkonii"
"pia","PI2015_R112","K14219","tRNA-Arg","tRNA Arg","0.0000 ","0.2024","Pseudoalteromonas issachenkonii"
"pia","PI2015_R113","K14219","tRNA-Arg","tRNA Arg","0.0000 ","0.2024","Pseudoalteromonas issachenkonii"
"pia","PI2015_R114","K14219","tRNA-Arg","tRNA Arg","0.0000 ","0.2024","Pseudoalteromonas issachenkonii"
"pia","PI2015_R115","K14233","tRNA-Ser","tRNA Ser","0.0000 ","0.2024","Pseudoalteromonas issachenkonii"
"pia","PI2015_R116","K14230","tRNA-Met","tRNA Met","0.0000 ","0.2024","Pseudoalteromonas issachenkonii"
"pia","PI2015_R117","K14218","tRNA-Ala","tRNA Ala","0.0060","0.2024","Pseudoalteromonas issachenkonii"
"pia","PI2015_R118","K01985","5SrRNA, rrf","5S ribosomal RNA","0.0060","0.3104","Pseudoalteromonas issachenkonii"
"pia","PI2015_R119","K01980","23SrRNA, rrl","23S ribosomal RNA","0.0000 ","0.3104","Pseudoalteromonas issachenkonii"
"pia","PI2015_R120","K01977","16SrRNA, rrs","16S ribosomal RNA","0.0000 ","0.3104","Pseudoalteromonas issachenkonii"
"pia","PI2015_R121","K01985","5SrRNA, rrf","5S ribosomal RNA","0.0060","0.3104","Pseudoalteromonas issachenkonii"
"pia","PI2015_R122","K01980","23SrRNA, rrl","23S ribosomal RNA","0.0000 ","0.3104","Pseudoalteromonas issachenkonii"
"pia","PI2015_R123","K14218","tRNA-Ala","tRNA Ala","0.0060","0.2024","Pseudoalteromonas issachenkonii"
"pia","PI2015_R124","K14227","tRNA-Ile","tRNA Ile","0.0000 ","0.2024","Pseudoalteromonas issachenkonii"
"pia","PI2015_R125","K01977","16SrRNA, rrs","16S ribosomal RNA","0.0000 ","0.3104","Pseudoalteromonas issachenkonii"
"pia","PI2015_R126","K01985","5SrRNA, rrf","5S ribosomal RNA","0.0060","0.3104","Pseudoalteromonas issachenkonii"
"pia","PI2015_R127","K01980","23SrRNA, rrl","23S ribosomal RNA","0.0000 ","0.3104","Pseudoalteromonas issachenkonii"
"pia","PI2015_R128","K01977","16SrRNA, rrs","16S ribosomal RNA","0.0000 ","0.3104","Pseudoalteromonas issachenkonii"
"pia","PI2015_R130","K14234","tRNA-Thr","tRNA Thr","0.0060","0.2024","Pseudoalteromonas issachenkonii"
"pia","PI2015_R131","K14225","tRNA-Gly","tRNA Gly","0.0000 ","0.2024","Pseudoalteromonas issachenkonii"
"pia","PI2015_R132","K14236","tRNA-Tyr","tRNA Tyr","0.0000 ","0.2024","Pseudoalteromonas issachenkonii"
"pia","PI2015_R133","K14234","tRNA-Thr","tRNA Thr","0.0060","0.2024","Pseudoalteromonas issachenkonii"
"pia","PI2015_R134","K01985","5SrRNA, rrf","5S ribosomal RNA","0.0060","0.3104","Pseudoalteromonas issachenkonii"
"pia","PI2015_R135","K01980","23SrRNA, rrl","23S ribosomal RNA","0.0000 ","0.3104","Pseudoalteromonas issachenkonii"
"pia","PI2015_R136","K01977","16SrRNA, rrs","16S ribosomal RNA","0.0000 ","0.3104","Pseudoalteromonas issachenkonii"
